1,13
2,24
3,16
4,3
5,4
6,4
7,4
8,5
9,4
10,3
11,5
12,6
13,4
14,5
15,5
16,4
17,7
18,4
19,3
20,2
21,2
22,5
23,7
24,3
25,4
26,4
27,4
28,8
29,3
30,3
31,4
32,3
33,3
34,3
35,6
36,2
37,3
38,3
39,3
40,4
41,3
42,8
43,4
44,3
45,2
46,3
47,8
48,2
49,11
50,3
51,3
52,2
53,3
54,2
55,3
56,2
57,3
58,2
59,5
60,2
61,3
62,3
63,4
64,2
65,3
66,2
67,4
68,3
69,2
70,3
71,3
72,3
73,3
74,2
75,2
76,3
77,2
78,3
79,2
80,3
81,2
82,5
83,2
84,3
85,2
86,3
87,2
88,3
89,3
90,4
91,2
92,2
93,3
94,2
95,2
96,2
97,2
98,2
99,2
100,4
101,2
102,2
103,2
104,4
105,2
106,2
107,2
108,2
109,2
110,2
111,2
112,5
113,2
114,2
115,2
116,1
117,2
118,2
119,2
120,7
121,3
122,2
123,2
124,3
125,4
126,2
127,1
128,2
129,2
130,2
131,8
132,2
133,2
134,2
135,4
136,1
137,2
138,2
139,2
140,2
141,2
142,2
143,2
144,2
145,5
146,4
147,2
148,2
149,7
150,2
151,2
152,1
153,2
154,4
155,4
156,2
157,2
158,2
159,2
160,2
161,1
162,2
163,2
164,2
165,3
166,1
167,2
168,2
169,2
170,2
171,2
172,2
173,2
174,4
175,1
176,2
177,2
178,1
179,3
180,2
181,2
182,2
183,1
184,2
185,2
186,2
187,5
188,2
189,1
190,2
191,9
192,2
193,11
194,5
195,2
196,2
197,8
198,2
199,2
200,7
201,12
202,2
203,2
204,2
205,2
206,2
207,1
208,2
209,2
210,11
211,2
212,4
213,2
214,2
215,5
216,1
217,2
218,2
219,2
220,1
221,2
222,2
223,1
224,2
225,2
226,1
227,7
228,2
229,1
230,2
231,2
232,2
233,1
234,2
235,3
236,2
237,2
238,2
239,2
240,3
241,2
242,2
243,4
244,1
245,2
246,2
247,2
248,5
249,2
250,2
251,5
252,1
253,2
254,2
255,1
256,2
257,2
258,10
259,5
260,2
261,1
262,2
263,2
264,1
265,5
266,3
267,2
268,2
269,2
270,1
271,2
272,2
273,1
274,5
275,2
276,1
277,2
278,4
279,1
280,2
281,1
282,2
283,2
284,5
285,2
286,2
287,2
288,2
289,3
290,1
291,2
292,2
293,1
294,5
295,2
296,2
297,2
298,2
299,2
300,2
301,3
302,2
303,1
304,2
305,3
306,2
307,8
308,2
309,2
310,2
311,1
312,2
313,2
314,3
315,2
316,2
317,1
318,2
319,2
320,5
321,2
322,2
323,1
324,2
325,2
326,2
327,2
328,3
329,1
330,2
331,2
332,1
333,2
334,2
335,3
336,3
337,8
338,2
339,2
340,2
341,2
342,2
343,2
344,2
345,3
346,2
347,2
348,1
349,1
350,2
351,2
352,1
353,2
354,6
355,1
356,10
357,2
358,1
359,2
360,1
361,2
362,2
363,2
364,3
365,1
366,2
367,2
368,1
369,3
370,1
371,2
372,2
373,2
374,3
375,2
376,1
377,2
378,1
379,2
380,3
381,2
382,2
383,1
384,2
385,4
386,15
387,7
388,2
389,2
390,2
391,2
392,2
393,2
394,3
395,1
396,2
397,2
398,1
399,2
400,2
