1,17
2,20
3,4
4,11
5,4
6,4
7,7
8,2
9,3
10,20
11,5
12,4
13,4
14,5
15,7
16,4
17,4
18,4
19,4
20,3
21,2
22,4
23,5
24,3
25,5
26,3
27,3
28,6
29,2
30,3
31,10
32,3
33,3
34,6
35,2
36,2
37,3
38,4
39,4
40,3
41,2
42,2
43,4
44,2
45,3
46,2
47,3
48,1
49,3
50,3
51,3
52,3
53,2
54,3
55,2
56,4
57,3
58,2
59,3
60,2
61,3
62,5
63,4
64,2
65,2
66,3
67,3
68,4
69,2
70,6
71,3
72,2
73,2
74,2
75,3
76,3
77,2
78,2
79,3
80,2
81,2
82,5
83,3
84,3
85,3
86,3
87,2
88,2
89,2
90,2
91,2
92,1
93,2
94,6
95,2
96,2
97,2
98,4
99,2
100,2
101,2
102,3
103,5
104,1
105,2
106,2
107,9
108,1
109,3
110,2
111,2
112,2
113,3
114,3
115,3
116,2
117,5
118,3
119,3
120,3
121,3
122,2
123,10
124,2
125,1
126,1
127,2
128,4
129,2
130,2
131,5
132,2
133,1
134,2
135,2
136,10
137,3
138,2
139,2
140,4
141,2
142,2
143,3
144,1
145,2
146,3
147,2
148,3
149,3
150,2
151,3
152,2
153,4
154,2
155,2
156,2
157,2
158,2
159,2
160,4
161,2
162,3
163,2
164,2
165,2
166,2
167,2
168,3
169,2
170,2
171,2
172,2
173,8
174,2
175,2
176,2
177,2
178,3
179,2
180,2
181,1
182,3
183,2
184,2
185,2
186,3
187,3
188,2
189,2
190,2
191,2
192,2
193,1
194,1
195,5
196,2
197,2
198,2
199,3
200,2
201,2
202,2
203,26
204,9
205,1
206,2
207,3
208,2
209,5
210,2
211,3
212,3
213,2
214,2
215,2
216,2
217,2
218,2
219,2
220,2
221,2
222,2
223,2
224,2
225,2
226,3
227,2
228,3
229,2
230,2
231,2
232,3
233,2
234,2
235,1
236,2
237,2
238,1
239,2
240,2
241,1
242,4
243,2
244,2
245,2
246,2
247,2
248,2
249,2
250,2
251,2
252,2
253,4
254,1
255,2
256,2
257,2
258,2
259,2
260,2
261,2
262,2
263,2
264,2
265,3
266,2
267,2
268,3
269,2
270,3
271,3
272,2
273,2
274,2
275,2
276,1
277,1
278,2
279,2
280,2
281,4
282,3
283,2
284,2
285,2
286,3
287,2
288,2
289,2
290,2
291,3
292,3
293,2
294,2
295,2
296,9
297,2
298,2
299,2
300,3
301,3
302,3
303,2
304,3
305,2
306,3
307,3
308,2
309,2
310,3
311,2
312,2
313,5
314,2
315,2
316,2
317,2
318,2
319,2
320,2
321,2
322,2
323,2
324,2
325,3
326,3
327,2
328,2
329,2
330,5
331,3
332,2
333,3
334,2
335,2
336,2
337,2
338,3
339,2
340,2
341,2
342,2
343,7
344,2
345,2
346,8
347,2
348,1
349,2
350,3
351,3
352,2
353,2
354,2
355,2
356,2
357,2
358,2
359,2
360,2
361,2
362,2
363,1
364,2
365,2
366,2
367,2
368,2
369,2
370,2
371,2
372,2
373,2
374,2
375,2
376,2
377,5
378,2
379,2
380,1
381,2
382,3
383,1
384,2
385,6
386,13
387,2
388,2
389,3
390,2
391,2
392,7
393,2
394,11
395,1
396,2
397,4
398,2
399,3
400,2
