1,15
2,13
3,4
4,6
5,4
6,6
7,6
8,3
9,3
10,4
11,10
12,4
13,4
14,4
15,4
16,4
17,4
18,4
19,5
20,4
21,3
22,4
23,6
24,3
25,4
26,5
27,4
28,3
29,3
30,4
31,5
32,7
33,2
34,8
35,3
36,4
37,4
38,3
39,3
40,3
41,3
42,5
43,1
44,3
45,1
46,2
47,3
48,2
49,2
50,3
51,2
52,2
53,2
54,2
55,3
56,3
57,3
58,18
59,2
60,3
61,2
62,5
63,4
64,2
65,2
66,2
67,3
68,2
69,3
70,5
71,4
72,1
73,2
74,2
75,2
76,2
77,2
78,2
79,3
80,3
81,10
82,2
83,2
84,3
85,2
86,4
87,3
88,2
89,3
90,2
91,3
92,3
93,2
94,4
95,3
96,3
97,2
98,6
99,3
100,4
101,2
102,3
103,3
104,5
105,2
106,2
107,1
108,2
109,3
110,2
111,5
112,2
113,3
114,1
115,1
116,2
117,3
118,2
119,2
120,4
121,2
122,3
123,2
124,3
125,2
126,3
127,2
128,3
129,2
130,3
131,2
132,3
133,2
134,2
135,2
136,3
137,3
138,2
139,2
140,2
141,2
142,2
143,2
144,2
145,2
146,2
147,2
148,5
149,2
150,2
151,2
152,2
153,5
154,2
155,4
156,2
157,2
158,2
159,2
160,10
161,2
162,3
163,2
164,2
165,2
166,3
167,2
168,2
169,2
170,3
171,3
172,2
173,3
174,2
175,2
176,2
177,2
178,2
179,4
180,2
181,2
182,3
183,3
184,3
185,2
186,2
187,2
188,2
189,5
190,2
191,3
192,2
193,2
194,2
195,2
196,4
197,2
198,3
199,2
200,3
201,2
202,2
203,2
204,2
205,2
206,2
207,2
208,2
209,2
210,2
211,1
212,2
213,1
214,2
215,2
216,1
217,6
218,5
219,2
220,2
221,3
222,2
223,2
224,2
225,2
226,3
227,3
228,2
229,2
230,2
231,3
232,2
233,2
234,2
235,2
236,2
237,2
238,2
239,2
240,2
241,2
242,2
243,2
244,2
245,3
246,4
247,2
248,2
249,2
250,3
251,2
252,2
253,1
254,2
255,3
256,3
257,2
258,2
259,2
260,3
261,2
262,2
263,3
264,5
265,2
266,2
267,2
268,2
269,2
270,2
271,2
272,2
273,2
274,2
275,2
276,3
277,2
278,3
279,2
280,2
281,2
282,3
283,2
284,2
285,2
286,3
287,2
288,2
289,2
290,2
291,3
292,2
293,2
294,3
295,2
296,4
297,2
298,2
299,3
300,4
301,1
302,2
303,2
304,1
305,2
306,2
307,3
308,2
309,3
310,1
311,2
312,2
313,2
314,2
315,6
316,2
317,2
318,2
319,2
320,2
321,2
322,2
323,2
324,2
325,3
326,2
327,2
328,2
329,2
330,2
331,6
332,3
333,2
334,2
335,2
336,2
337,2
338,2
339,2
340,2
341,2
342,3
343,2
344,2
345,3
346,2
347,3
348,1
349,8
350,2
351,2
352,1
353,2
354,8
355,2
356,2
357,1
358,2
359,12
360,2
361,2
362,1
363,2
364,1
365,3
366,2
367,2
368,2
369,1
370,2
371,2
372,1
373,4
374,2
375,2
376,5
377,2
378,2
379,2
380,2
381,1
382,2
383,2
384,1
385,4
386,13
387,5
388,17
389,9
390,6
391,2
392,5
393,4
394,4
395,2
396,1
397,6
398,2
399,3
400,3
