1,27
2,29
3,12
4,3
5,4
6,3
7,4
8,4
9,22
10,9
11,11
12,3
13,4
14,4
15,3
16,3
17,3
18,3
19,16
20,2
21,2
22,2
23,5
24,2
25,2
26,3
27,2
28,8
29,3
30,3
31,4
32,2
33,2
34,3
35,3
36,3
37,3
38,2
39,2
40,2
41,3
42,2
43,2
44,13
45,3
46,2
47,3
48,2
49,2
50,2
51,2
52,2
53,2
54,1
55,2
56,2
57,3
58,2
59,1
60,2
61,2
62,2
63,2
64,2
65,2
66,2
67,3
68,2
69,2
70,5
71,2
72,2
73,2
74,2
75,2
76,2
77,2
78,2
79,5
80,2
81,2
82,2
83,2
84,2
85,2
86,3
87,4
88,2
89,2
90,2
91,2
92,2
93,4
94,3
95,2
96,3
97,2
98,9
99,2
100,1
101,2
102,2
103,10
104,3
105,2
106,2
107,2
108,2
109,2
110,2
111,8
112,4
113,2
114,2
115,1
116,2
117,2
118,1
119,1
120,5
121,2
122,1
123,2
124,2
125,3
126,2
127,2
128,3
129,2
130,2
131,18
132,1
133,2
134,2
135,4
136,2
137,2
138,1
139,2
140,2
141,2
142,1
143,2
144,2
145,3
146,3
147,2
148,6
149,1
150,2
151,2
152,1
153,4
154,2
155,4
156,2
157,1
158,1
159,2
160,3
161,2
162,2
163,2
164,1
165,4
166,3
167,2
168,1
169,2
170,2
171,1
172,2
173,2
174,4
175,2
176,2
177,1
178,2
179,2
180,3
181,2
182,2
183,2
184,1
185,3
186,2
187,1
188,1
189,2
190,1
191,2
192,2
193,2
194,1
195,4
196,2
197,1
198,2
199,15
200,2
201,12
202,2
203,3
204,2
205,2
206,2
207,2
208,1
209,4
210,9
211,1
212,2
213,2
214,2
215,1
216,3
217,2
218,2
219,2
220,2
221,1
222,2
223,2
224,1
225,2
226,3
227,11
228,1
229,2
230,2
231,1
232,2
233,2
234,1
235,5
236,2
237,2
238,2
239,2
240,2
241,1
242,2
243,5
244,1
245,1
246,1
247,2
248,1
249,2
250,2
251,4
252,4
253,2
254,1
255,2
256,2
257,1
258,2
259,4
260,1
261,2
262,2
263,1
264,2
265,2
266,1
267,2
268,2
269,1
270,2
271,2
272,1
273,2
274,4
275,5
276,2
277,1
278,5
279,2
280,2
281,5
282,5
283,3
284,2
285,3
286,2
287,3
288,2
289,7
290,2
291,3
292,2
293,3
294,2
295,1
296,9
297,1
298,2
299,2
300,2
301,2
302,2
303,1
304,2
305,2
306,2
307,2
308,2
309,2
310,2
311,1
312,2
313,5
314,1
315,2
316,2
317,1
318,2
319,2
320,2
321,2
322,2
323,2
324,2
325,9
326,2
327,2
328,2
329,2
330,2
331,2
332,2
333,3
334,2
335,2
336,2
337,2
338,3
339,1
340,2
341,2
342,2
343,2
344,2
345,2
346,6
347,2
348,2
349,7
350,2
351,2
352,2
353,2
354,4
355,2
356,2
357,2
358,3
359,2
360,4
361,6
362,2
363,2
364,3
365,2
366,3
367,2
368,4
369,2
370,4
371,1
372,2
373,10
374,1
375,2
376,3
377,2
378,2
379,1
380,2
381,7
382,2
383,2
384,2
385,2
386,9
387,2
388,2
389,2
390,6
391,2
392,8
393,2
394,2
395,1
396,3
397,2
398,1
399,3
400,2
