1,13
2,5
3,5
4,4
5,16
6,4
7,9
8,3
9,4
10,5
11,10
12,6
13,4
14,4
15,4
16,4
17,4
18,4
19,4
20,3
21,4
22,3
23,4
24,2
25,3
26,2
27,2
28,16
29,2
30,4
31,5
32,6
33,3
34,4
35,5
36,3
37,3
38,3
39,3
40,3
41,3
42,3
43,3
44,3
45,3
46,2
47,5
48,3
49,3
50,2
51,3
52,2
53,3
54,3
55,3
56,3
57,3
58,3
59,7
60,4
61,3
62,2
63,4
64,2
65,3
66,2
67,4
68,3
69,2
70,3
71,2
72,2
73,2
74,2
75,3
76,2
77,3
78,2
79,3
80,3
81,3
82,10
83,2
84,3
85,2
86,2
87,3
88,3
89,2
90,3
91,3
92,2
93,9
94,3
95,3
96,2
97,3
98,6
99,2
100,2
101,2
102,2
103,3
104,23
105,3
106,3
107,2
108,3
109,2
110,2
111,3
112,2
113,3
114,3
115,2
116,8
117,2
118,2
119,2
120,2
121,2
122,3
123,2
124,4
125,4
126,3
127,3
128,2
129,3
130,2
131,3
132,3
133,3
134,7
135,5
136,2
137,2
138,3
139,2
140,2
141,1
142,2
143,2
144,4
145,4
146,12
147,1
148,2
149,2
150,3
151,2
152,3
153,3
154,2
155,8
156,7
157,3
158,2
159,2
160,3
161,2
162,2
163,3
164,3
165,4
166,2
167,2
168,2
169,3
170,1
171,2
172,2
173,2
174,5
175,2
176,2
177,3
178,2
179,3
180,2
181,3
182,2
183,2
184,2
185,2
186,3
187,3
188,2
189,2
190,2
191,4
192,2
193,2
194,5
195,1
196,2
197,3
198,3
199,2
200,2
201,5
202,1
203,5
204,2
205,1
206,1
207,2
208,2
209,2
210,5
211,3
212,2
213,7
214,2
215,3
216,2
217,2
218,2
219,2
220,2
221,2
222,2
223,3
224,2
225,3
226,2
227,6
228,2
229,2
230,2
231,2
232,2
233,2
234,3
235,19
236,2
237,5
238,2
239,2
240,2
241,2
242,2
243,12
244,1
245,9
246,2
247,2
248,2
249,3
250,3
251,5
252,2
253,2
254,2
255,2
256,3
257,2
258,2
259,8
260,1
261,2
262,2
263,3
264,1
265,2
266,2
267,4
268,3
269,3
270,2
271,2
272,2
273,1
274,6
275,2
276,2
277,2
278,2
279,2
280,4
281,3
282,2
283,2
284,2
285,2
286,3
287,5
288,2
289,6
290,2
291,4
292,4
293,7
294,2
295,5
296,5
297,2
298,2
299,3
300,3
301,2
302,2
303,5
304,2
305,5
306,2
307,8
308,2
309,2
310,6
311,3
312,2
313,2
314,2
315,3
316,2
317,6
318,10
319,2
320,1
321,2
322,5
323,2
324,8
325,2
326,2
327,2
328,2
329,2
330,2
331,2
332,2
333,3
334,2
335,2
336,2
337,6
338,3
339,8
340,2
341,4
342,2
343,2
344,5
345,2
346,3
347,1
348,2
349,2
350,6
351,2
352,2
353,2
354,3
355,2
356,2
357,2
358,2
359,2
360,5
361,1
362,2
363,6
364,2
365,2
366,2
367,2
368,2
369,7
370,2
371,8
372,2
373,2
374,2
375,9
376,2
377,2
378,1
379,2
380,2
381,5
382,2
383,1
384,2
385,6
386,15
387,9
388,2
389,2
390,2
391,1
392,2
393,4
394,4
395,2
396,2
397,2
398,6
399,2
400,2
