1,15
2,6
3,18
4,3
5,10
6,5
7,6
8,4
9,4
10,4
11,5
12,4
13,5
14,4
15,5
16,4
17,4
18,5
19,3
20,3
21,2
22,3
23,17
24,3
25,8
26,4
27,4
28,12
29,2
30,3
31,3
32,2
33,10
34,3
35,10
36,3
37,3
38,4
39,3
40,3
41,4
42,3
43,4
44,5
45,3
46,3
47,4
48,3
49,3
50,2
51,2
52,3
53,3
54,3
55,3
56,3
57,2
58,3
59,2
60,3
61,3
62,3
63,2
64,2
65,3
66,3
67,2
68,4
69,2
70,5
71,3
72,5
73,1
74,3
75,3
76,3
77,3
78,4
79,2
80,2
81,2
82,3
83,2
84,3
85,3
86,2
87,2
88,2
89,2
90,3
91,8
92,3
93,12
94,2
95,2
96,3
97,3
98,5
99,2
100,2
101,3
102,3
103,3
104,16
105,2
106,3
107,2
108,2
109,2
110,2
111,2
112,6
113,2
114,6
115,2
116,7
117,2
118,4
119,3
120,6
121,2
122,4
123,2
124,3
125,4
126,2
127,2
128,3
129,3
130,2
131,4
132,2
133,1
134,2
135,5
136,2
137,2
138,1
139,2
140,2
141,6
142,1
143,2
144,3
145,4
146,2
147,9
148,2
149,2
150,2
151,2
152,2
153,2
154,2
155,5
156,2
157,2
158,2
159,2
160,2
161,2
162,2
163,2
164,2
165,3
166,2
167,2
168,2
169,2
170,2
171,2
172,2
173,3
174,5
175,2
176,2
177,2
178,2
179,2
180,2
181,2
182,5
183,2
184,3
185,2
186,2
187,2
188,2
189,2
190,2
191,2
192,2
193,2
194,2
195,2
196,7
197,7
198,2
199,2
200,2
201,4
202,2
203,2
204,1
205,2
206,2
207,1
208,2
209,2
210,6
211,2
212,3
213,5
214,2
215,1
216,2
217,2
218,1
219,2
220,2
221,3
222,3
223,7
224,1
225,2
226,2
227,4
228,2
229,2
230,2
231,2
232,2
233,1
234,2
235,5
236,1
237,2
238,2
239,1
240,3
241,2
242,1
243,4
244,2
245,1
246,2
247,2
248,1
249,2
250,2
251,5
252,2
253,2
254,1
255,2
256,3
257,1
258,4
259,4
260,1
261,2
262,6
263,2
264,1
265,2
266,2
267,2
268,1
269,2
270,2
271,2
272,2
273,2
274,4
275,2
276,4
277,2
278,2
279,1
280,2
281,2
282,1
283,3
284,2
285,2
286,2
287,2
288,2
289,5
290,3
291,2
292,2
293,1
294,2
295,2
296,5
297,2
298,7
299,1
300,2
301,2
302,2
303,5
304,2
305,4
306,2
307,2
308,7
309,2
310,4
311,2
312,2
313,1
314,2
315,2
316,3
317,7
318,2
319,1
320,2
321,1
322,1
323,2
324,5
325,2
326,2
327,1
328,2
329,2
330,1
331,2
332,2
333,2
334,2
335,4
336,1
337,6
338,2
339,1
340,2
341,2
342,3
343,2
344,6
345,2
346,3
347,1
348,2
349,2
350,14
351,2
352,10
353,2
354,3
355,2
356,2
357,2
358,2
359,2
360,13
361,2
362,7
363,6
364,2
365,2
366,2
367,2
368,2
369,6
370,4
371,2
372,3
373,2
374,2
375,5
376,2
377,1
378,2
379,2
380,2
381,5
382,3
383,2
384,2
385,2
386,10
387,14
388,2
389,2
390,1
391,2
392,2
393,2
394,2
395,1
396,2
397,2
398,2
399,9
400,4
