1,14
2,4
3,6
4,4
5,4
6,5
7,6
8,9
9,4
10,4
11,5
12,7
13,4
14,4
15,4
16,4
17,2
18,4
19,11
20,4
21,3
22,4
23,4
24,2
25,2
26,3
27,2
28,13
29,2
30,3
31,3
32,2
33,3
34,3
35,8
36,3
37,3
38,3
39,3
40,3
41,3
42,3
43,4
44,3
45,3
46,2
47,6
48,2
49,4
50,2
51,2
52,2
53,2
54,3
55,3
56,2
57,1
58,3
59,7
60,2
61,6
62,2
63,3
64,2
65,3
66,2
67,1
68,2
69,3
70,3
71,2
72,3
73,1
74,2
75,3
76,2
77,3
78,3
79,4
80,2
81,2
82,7
83,3
84,3
85,2
86,3
87,3
88,2
89,2
90,2
91,2
92,2
93,12
94,1
95,2
96,3
97,2
98,7
99,1
100,2
101,2
102,2
103,3
104,10
105,1
106,2
107,3
108,4
109,3
110,2
111,2
112,3
113,2
114,3
115,2
116,4
117,2
118,7
119,2
120,2
121,2
122,2
123,2
124,3
125,5
126,2
127,2
128,3
129,3
130,2
131,2
132,3
133,2
134,3
135,5
136,3
137,2
138,2
139,3
140,3
141,2
142,2
143,2
144,8
145,4
146,2
147,2
148,7
149,2
150,2
151,7
152,2
153,1
154,2
155,4
156,4
157,1
158,3
159,2
160,2
161,3
162,3
163,2
164,2
165,4
166,3
167,2
168,2
169,2
170,2
171,2
172,2
173,3
174,7
175,2
176,2
177,2
178,3
179,2
180,2
181,2
182,2
183,2
184,3
185,2
186,2
187,3
188,2
189,2
190,3
191,2
192,3
193,2
194,3
195,2
196,8
197,2
198,6
199,2
200,2
201,6
202,2
203,2
204,2
205,3
206,2
207,4
208,2
209,2
210,5
211,3
212,2
213,2
214,1
215,6
216,2
217,4
218,2
219,2
220,7
221,3
222,4
223,2
224,2
225,1
226,2
227,4
228,3
229,2
230,2
231,2
232,2
233,2
234,2
235,6
236,2
237,3
238,2
239,2
240,3
241,3
242,2
243,7
244,3
245,2
246,2
247,2
248,2
249,2
250,2
251,5
252,1
253,3
254,2
255,2
256,2
257,2
258,3
259,4
260,2
261,2
262,2
263,2
264,4
265,2
266,3
267,2
268,2
269,2
270,3
271,2
272,3
273,2
274,5
275,2
276,2
277,2
278,2
279,2
280,2
281,2
282,1
283,2
284,2
285,2
286,3
287,2
288,2
289,5
290,2
291,2
292,2
293,2
294,1
295,3
296,7
297,2
298,2
299,2
300,2
301,2
302,3
303,6
304,2
305,4
306,2
307,3
308,3
309,2
310,5
311,3
312,2
313,2
314,2
315,2
316,2
317,5
318,2
319,3
320,2
321,2
322,2
323,6
324,5
325,2
326,2
327,3
328,2
329,2
330,2
331,1
332,2
333,5
334,2
335,2
336,5
337,5
338,2
339,2
340,2
341,2
342,2
343,7
344,5
345,3
346,3
347,1
348,2
349,2
350,8
351,2
352,2
353,2
354,2
355,2
356,2
357,2
358,2
359,3
360,2
361,2
362,2
363,11
364,2
365,2
366,2
367,2
368,2
369,6
370,2
371,3
372,2
373,2
374,2
375,6
376,2
377,2
378,2
379,2
380,2
381,6
382,2
383,2
384,2
385,2
386,2
387,12
388,2
389,17
390,2
391,1
392,2
393,2
394,1
395,2
396,1
397,3
398,5
399,2
400,2
