1,26
2,5
3,6
4,4
5,5
6,5
7,5
8,5
9,5
10,4
11,9
12,7
13,4
14,4
15,4
16,4
17,4
18,3
19,5
20,4
21,5
22,3
23,5
24,3
25,4
26,4
27,3
28,7
29,6
30,3
31,15
32,3
33,3
34,5
35,5
36,3
37,3
38,3
39,4
40,3
41,3
42,3
43,2
44,3
45,10
46,2
47,7
48,2
49,2
50,3
51,2
52,2
53,4
54,2
55,3
56,2
57,1
58,2
59,7
60,3
61,2
62,2
63,2
64,3
65,2
66,2
67,3
68,3
69,3
70,3
71,2
72,2
73,2
74,2
75,2
76,3
77,2
78,3
79,3
80,2
81,3
82,7
83,2
84,4
85,3
86,2
87,2
88,3
89,3
90,2
91,2
92,2
93,4
94,3
95,3
96,3
97,2
98,4
99,2
100,3
101,2
102,2
103,2
104,5
105,2
106,2
107,3
108,2
109,2
110,2
111,2
112,2
113,3
114,3
115,2
116,2
117,2
118,2
119,2
120,2
121,5
122,1
123,2
124,2
125,4
126,2
127,2
128,2
129,2
130,4
131,1
132,3
133,2
134,2
135,5
136,2
137,3
138,2
139,2
140,2
141,2
142,3
143,2
144,2
145,5
146,2
147,11
148,3
149,3
150,6
151,2
152,2
153,12
154,2
155,4
156,2
157,6
158,9
159,2
160,2
161,1
162,4
163,3
164,2
165,4
166,2
167,2
168,2
169,2
170,3
171,3
172,2
173,3
174,5
175,2
176,2
177,3
178,3
179,2
180,2
181,1
182,2
183,1
184,2
185,3
186,2
187,3
188,3
189,2
190,2
191,2
192,2
193,2
194,2
195,2
196,4
197,3
198,9
199,2
200,3
201,5
202,2
203,2
204,2
205,2
206,2
207,2
208,2
209,2
210,3
211,2
212,3
213,1
214,2
215,2
216,2
217,2
218,3
219,3
220,1
221,2
222,3
223,3
224,2
225,2
226,2
227,4
228,2
229,2
230,3
231,2
232,2
233,2
234,2
235,5
236,2
237,2
238,2
239,2
240,2
241,1
242,2
243,3
244,2
245,2
246,2
247,5
248,2
249,2
250,3
251,5
252,2
253,2
254,2
255,2
256,2
257,2
258,2
259,5
260,2
261,2
262,2
263,2
264,3
265,2
266,2
267,2
268,3
269,3
270,2
271,1
272,2
273,1
274,5
275,2
276,2
277,2
278,2
279,2
280,3
281,2
282,2
283,2
284,3
285,2
286,2
287,2
288,3
289,5
290,2
291,2
292,2
293,2
294,2
295,2
296,7
297,2
298,2
299,6
300,2
301,2
302,1
303,5
304,2
305,1
306,2
307,1
308,2
309,2
310,6
311,2
312,2
313,3
314,3
315,3
316,2
317,6
318,2
319,3
320,1
321,3
322,2
323,3
324,7
325,2
326,2
327,2
328,2
329,1
330,2
331,2
332,2
333,2
334,1
335,1
336,2
337,4
338,2
339,2
340,1
341,3
342,1
343,2
344,5
345,1
346,1
347,2
348,1
349,2
350,6
351,2
352,2
353,3
354,3
355,2
356,2
357,1
358,2
359,2
360,2
361,2
362,7
363,7
364,2
365,1
366,2
367,2
368,2
369,5
370,2
371,1
372,2
373,2
374,3
375,8
376,2
377,1
378,2
379,2
380,3
381,6
382,2
383,4
384,2
385,2
386,25
387,6
388,2
389,2
390,2
391,1
392,2
393,2
394,2
395,1
396,2
397,2
398,7
399,2
400,3
