1,15
2,8
3,6
4,4
5,5
6,4
7,5
8,5
9,4
10,4
11,5
12,6
13,4
14,4
15,4
16,4
17,4
18,4
19,4
20,4
21,2
22,3
23,4
24,3
25,4
26,4
27,4
28,11
29,3
30,3
31,3
32,3
33,3
34,3
35,6
36,3
37,3
38,3
39,4
40,3
41,4
42,3
43,3
44,3
45,3
46,3
47,7
48,3
49,3
50,3
51,2
52,2
53,4
54,2
55,1
56,3
57,2
58,2
59,8
60,2
61,3
62,2
63,3
64,3
65,2
66,3
67,3
68,3
69,2
70,3
71,2
72,2
73,3
74,2
75,2
76,2
77,3
78,3
79,2
80,1
81,3
82,6
83,3
84,2
85,2
86,2
87,2
88,2
89,3
90,2
91,3
92,3
93,6
94,6
95,2
96,2
97,3
98,4
99,2
100,3
101,3
102,3
103,3
104,4
105,8
106,3
107,2
108,2
109,3
110,3
111,3
112,2
113,1
114,2
115,11
116,3
117,3
118,2
119,3
120,3
121,2
122,3
123,2
124,2
125,6
126,2
127,3
128,3
129,3
130,3
131,3
132,3
133,2
134,2
135,4
136,3
137,4
138,3
139,2
140,3
141,2
142,2
143,2
144,2
145,4
146,5
147,2
148,3
149,2
150,3
151,2
152,2
153,2
154,2
155,3
156,3
157,3
158,2
159,2
160,1
161,2
162,1
163,2
164,3
165,4
166,2
167,2
168,2
169,3
170,1
171,6
172,2
173,2
174,6
175,2
176,2
177,3
178,2
179,3
180,2
181,2
182,2
183,2
184,2
185,2
186,2
187,2
188,2
189,2
190,2
191,2
192,2
193,2
194,3
195,1
196,3
197,3
198,11
199,2
200,3
201,5
202,2
203,2
204,2
205,1
206,2
207,2
208,2
209,1
210,4
211,3
212,2
213,2
214,2
215,2
216,2
217,2
218,2
219,5
220,2
221,2
222,2
223,1
224,2
225,2
226,2
227,4
228,3
229,1
230,2
231,2
232,1
233,3
234,2
235,4
236,2
237,2
238,2
239,2
240,2
241,2
242,1
243,5
244,1
245,2
246,2
247,3
248,2
249,3
250,2
251,5
252,2
253,3
254,3
255,2
256,3
257,2
258,3
259,5
260,2
261,2
262,3
263,2
264,2
265,4
266,3
267,7
268,2
269,2
270,3
271,2
272,2
273,2
274,6
275,2
276,2
277,3
278,2
279,3
280,2
281,2
282,2
283,2
284,2
285,1
286,2
287,2
288,2
289,8
290,2
291,2
292,2
293,1
294,2
295,2
296,5
297,2
298,1
299,3
300,2
301,1
302,2
303,6
304,1
305,2
306,9
307,1
308,2
309,2
310,5
311,2
312,1
313,2
314,4
315,1
316,3
317,8
318,2
319,2
320,1
321,6
322,2
323,2
324,9
325,5
326,2
327,2
328,2
329,6
330,2
331,2
332,2
333,2
334,4
335,2
336,2
337,6
338,3
339,1
340,1
341,2
342,2
343,1
344,5
345,1
346,2
347,2
348,1
349,2
350,6
351,1
352,2
353,6
354,1
355,2
356,2
357,3
358,5
359,2
360,3
361,2
362,2
363,5
364,3
365,3
366,2
367,1
368,2
369,13
370,3
371,1
372,2
373,2
374,1
375,5
376,2
377,1
378,3
379,2
380,2
381,6
382,2
383,2
384,2
385,1
386,4
387,5
388,1
389,3
390,2
391,2
392,2
393,2
394,2
395,2
396,5
397,2
398,8
399,3
400,2
