1,12
2,7
3,6
4,5
5,5
6,4
7,4
8,5
9,6
10,8
11,30
12,8
13,4
14,5
15,4
16,4
17,5
18,3
19,3
20,6
21,3
22,4
23,7
24,3
25,3
26,4
27,4
28,10
29,4
30,4
31,4
32,3
33,3
34,3
35,6
36,3
37,2
38,3
39,3
40,3
41,3
42,3
43,3
44,2
45,3
46,3
47,10
48,3
49,3
50,2
51,4
52,2
53,3
54,2
55,2
56,2
57,2
58,3
59,7
60,3
61,3
62,2
63,3
64,2
65,3
66,2
67,3
68,2
69,3
70,3
71,2
72,4
73,2
74,2
75,2
76,3
77,8
78,7
79,2
80,3
81,1
82,4
83,3
84,3
85,3
86,2
87,3
88,3
89,3
90,3
91,2
92,2
93,4
94,2
95,2
96,2
97,2
98,6
99,2
100,1
101,3
102,3
103,3
104,4
105,2
106,2
107,2
108,1
109,2
110,3
111,8
112,5
113,1
114,2
115,10
116,3
117,2
118,8
119,2
120,9
121,6
122,3
123,2
124,2
125,8
126,3
127,2
128,3
129,2
130,1
131,3
132,3
133,1
134,2
135,5
136,3
137,2
138,2
139,2
140,3
141,2
142,2
143,3
144,1
145,7
146,6
147,2
148,2
149,2
150,3
151,2
152,4
153,5
154,2
155,4
156,2
157,3
158,3
159,2
160,2
161,2
162,2
163,2
164,3
165,4
166,5
167,2
168,2
169,3
170,2
171,3
172,3
173,2
174,4
175,2
176,2
177,4
178,2
179,1
180,1
181,2
182,3
183,2
184,3
185,2
186,3
187,2
188,2
189,2
190,2
191,7
192,2
193,2
194,3
195,2
196,2
197,2
198,4
199,1
200,2
201,5
202,2
203,2
204,2
205,2
206,1
207,2
208,2
209,1
210,3
211,2
212,5
213,2
214,1
215,2
216,2
217,1
218,2
219,3
220,2
221,2
222,3
223,1
224,2
225,2
226,1
227,5
228,4
229,6
230,2
231,3
232,4
233,2
234,2
235,5
236,2
237,11
238,2
239,2
240,2
241,2
242,1
243,5
244,2
245,2
246,2
247,1
248,2
249,2
250,2
251,5
252,2
253,2
254,2
255,2
256,2
257,2
258,2
259,5
260,3
261,10
262,2
263,1
264,5
265,2
266,1
267,2
268,2
269,1
270,6
271,1
272,2
273,3
274,7
275,6
276,2
277,2
278,1
279,2
280,3
281,1
282,2
283,13
284,8
285,11
286,2
287,1
288,3
289,5
290,2
291,2
292,2
293,6
294,2
295,2
296,6
297,2
298,3
299,2
300,3
301,2
302,2
303,4
304,3
305,2
306,3
307,2
308,2
309,4
310,5
311,2
312,2
313,1
314,4
315,6
316,14
317,9
318,2
319,2
320,2
321,2
322,3
323,2
324,6
325,1
326,2
327,2
328,2
329,2
330,1
331,3
332,3
333,3
334,2
335,2
336,2
337,5
338,1
339,2
340,2
341,2
342,2
343,2
344,6
345,2
346,2
347,2
348,3
349,2
350,8
351,2
352,2
353,2
354,2
355,2
356,2
357,2
358,2
359,2
360,2
361,3
362,2
363,5
364,2
365,2
366,2
367,2
368,2
369,5
370,2
371,2
372,2
373,3
374,2
375,5
376,2
377,2
378,2
379,2
380,2
381,6
382,2
383,2
384,2
385,2
386,2
387,5
388,3
389,2
390,2
391,2
392,2
393,2
394,2
395,2
396,1
397,2
398,6
399,2
400,3
