1,20
2,21
3,4
4,3
5,7
6,4
7,5
8,4
9,11
10,4
11,5
12,5
13,4
14,5
15,5
16,4
17,4
18,4
19,5
20,3
21,2
22,4
23,5
24,3
25,2
26,4
27,4
28,8
29,2
30,3
31,3
32,3
33,3
34,3
35,3
36,3
37,2
38,2
39,3
40,2
41,3
42,2
43,2
44,15
45,2
46,4
47,3
48,2
49,2
50,2
51,8
52,2
53,3
54,2
55,3
56,2
57,3
58,5
59,2
60,2
61,2
62,3
63,2
64,4
65,2
66,2
67,3
68,2
69,3
70,5
71,3
72,2
73,3
74,2
75,2
76,3
77,3
78,2
79,3
80,2
81,3
82,3
83,2
84,4
85,3
86,3
87,3
88,2
89,3
90,3
91,3
92,5
93,3
94,6
95,3
96,2
97,3
98,2
99,3
100,3
101,3
102,2
103,3
104,2
105,2
106,2
107,3
108,2
109,3
110,2
111,6
112,2
113,2
114,3
115,2
116,3
117,2
118,2
119,2
120,4
121,3
122,2
123,3
124,2
125,1
126,2
127,2
128,2
129,3
130,3
131,3
132,2
133,3
134,2
135,2
136,2
137,2
138,2
139,2
140,5
141,2
142,7
143,2
144,3
145,2
146,4
147,2
148,2
149,4
150,2
151,2
152,2
153,5
154,2
155,2
156,2
157,3
158,2
159,3
160,2
161,2
162,2
163,3
164,2
165,2
166,2
167,2
168,3
169,2
170,2
171,2
172,2
173,3
174,3
175,3
176,2
177,2
178,2
179,2
180,3
181,2
182,2
183,2
184,2
185,3
186,2
187,3
188,2
189,2
190,2
191,2
192,3
193,3
194,2
195,3
196,2
197,2
198,1
199,2
200,2
201,1
202,1
203,11
204,1
205,2
206,2
207,6
208,3
209,2
210,2
211,1
212,2
213,2
214,2
215,3
216,2
217,2
218,2
219,2
220,3
221,3
222,2
223,11
224,2
225,3
226,2
227,2
228,3
229,2
230,5
231,2
232,2
233,2
234,2
235,2
236,1
237,2
238,2
239,2
240,2
241,3
242,7
243,2
244,2
245,3
246,2
247,2
248,2
249,2
250,3
251,2
252,2
253,2
254,2
255,1
256,2
257,1
258,2
259,2
260,2
261,2
262,3
263,2
264,2
265,10
266,1
267,2
268,2
269,3
270,2
271,2
272,2
273,3
274,2
275,2
276,2
277,2
278,5
279,6
280,2
281,2
282,2
283,2
284,2
285,2
286,4
287,2
288,2
289,2
290,2
291,2
292,3
293,2
294,3
295,1
296,10
297,2
298,2
299,2
300,2
301,2
302,2
303,2
304,2
305,2
306,2
307,2
308,2
309,2
310,2
311,2
312,2
313,6
314,3
315,1
316,2
317,2
318,2
319,2
320,3
321,2
322,2
323,2
324,2
325,3
326,2
327,2
328,2
329,2
330,5
331,2
332,2
333,3
334,2
335,2
336,2
337,2
338,18
339,2
340,3
341,2
342,1
343,2
344,3
345,3
346,4
347,2
348,1
349,2
350,3
351,1
352,2
353,1
354,5
355,2
356,1
357,2
358,3
359,2
360,2
361,2
362,13
363,1
364,2
365,2
366,2
367,2
368,2
369,2
370,2
371,2
372,2
373,2
374,2
375,2
376,2
377,6
378,2
379,2
380,8
381,2
382,2
383,2
384,3
385,6
386,3
387,2
388,3
389,2
390,2
391,2
392,2
393,2
394,2
395,2
396,4
397,2
398,2
399,3
400,2
