1,16
2,19
3,8
4,4
5,3
6,5
7,18
8,4
9,3
10,3
11,8
12,3
13,2
14,3
15,3
16,2
17,3
18,3
19,3
20,2
21,3
22,7
23,5
24,3
25,3
26,3
27,4
28,4
29,3
30,2
31,4
32,3
33,2
34,3
35,3
36,3
37,3
38,3
39,4
40,4
41,3
42,3
43,2
44,3
45,3
46,4
47,3
48,3
49,3
50,2
51,2
52,2
53,3
54,3
55,1
56,2
57,2
58,6
59,2
60,3
61,2
62,4
63,4
64,2
65,2
66,2
67,4
68,3
69,2
70,5
71,2
72,13
73,2
74,2
75,2
76,3
77,2
78,2
79,2
80,3
81,5
82,3
83,2
84,3
85,3
86,3
87,2
88,3
89,4
90,3
91,3
92,4
93,2
94,3
95,3
96,3
97,2
98,2
99,2
100,5
101,2
102,3
103,3
104,3
105,2
106,2
107,2
108,2
109,2
110,2
111,2
112,2
113,2
114,4
115,2
116,2
117,3
118,3
119,4
120,2
121,3
122,2
123,2
124,4
125,4
126,6
127,3
128,2
129,12
130,1
131,1
132,3
133,3
134,2
135,4
136,3
137,2
138,2
139,2
140,3
141,2
142,2
143,2
144,2
145,13
146,1
147,2
148,3
149,2
150,1
151,2
152,2
153,3
154,2
155,5
156,1
157,1
158,8
159,1
160,2
161,2
162,2
163,2
164,2
165,2
166,2
167,1
168,2
169,2
170,2
171,2
172,2
173,4
174,5
175,3
176,2
177,3
178,2
179,2
180,2
181,2
182,2
183,4
184,2
185,2
186,3
187,2
188,2
189,2
190,2
191,3
192,5
193,2
194,2
195,3
196,2
197,3
198,2
199,3
200,8
201,13
202,2
203,4
204,3
205,2
206,3
207,2
208,3
209,2
210,2
211,2
212,2
213,3
214,2
215,2
216,2
217,3
218,10
219,1
220,3
221,2
222,2
223,2
224,3
225,2
226,2
227,3
228,3
229,2
230,2
231,2
232,2
233,2
234,2
235,2
236,2
237,3
238,3
239,2
240,4
241,2
242,3
243,3
244,2
245,2
246,1
247,3
248,2
249,3
250,2
251,4
252,2
253,2
254,2
255,2
256,2
257,2
258,2
259,2
260,2
261,2
262,2
263,2
264,2
265,3
266,4
267,3
268,2
269,2
270,2
271,2
272,2
273,2
274,2
275,3
276,2
277,2
278,2
279,2
280,2
281,5
282,2
283,2
284,2
285,7
286,2
287,2
288,2
289,2
290,2
291,8
292,2
293,2
294,2
295,4
296,2
297,2
298,6
299,2
300,2
301,3
302,1
303,2
304,2
305,1
306,2
307,2
308,4
309,2
310,1
311,2
312,2
313,2
314,2
315,3
316,2
317,2
318,2
319,2
320,2
321,3
322,2
323,2
324,2
325,4
326,2
327,5
328,2
329,2
330,3
331,2
332,2
333,2
334,2
335,2
336,6
337,2
338,2
339,2
340,2
341,2
342,2
343,2
344,8
345,5
346,3
347,3
348,2
349,2
350,2
351,2
352,2
353,2
354,2
355,2
356,7
357,2
358,2
359,6
360,2
361,2
362,2
363,2
364,3
365,2
366,2
367,7
368,2
369,3
370,2
371,2
372,2
373,2
374,2
375,2
376,2
377,2
378,6
379,2
380,2
381,2
382,3
383,2
384,2
385,6
386,15
387,2
388,8
389,7
390,3
391,2
392,2
393,2
394,2
395,2
396,3
397,2
398,2
399,2
400,2
