1,23
2,27
3,9
4,4
5,4
6,5
7,5
8,5
9,5
10,7
11,13
12,3
13,4
14,4
15,5
16,4
17,4
18,4
19,5
20,3
21,3
22,3
23,7
24,3
25,4
26,3
27,4
28,17
29,2
30,2
31,3
32,3
33,3
34,3
35,4
36,3
37,3
38,3
39,4
40,3
41,4
42,2
43,4
44,4
45,2
46,5
47,3
48,2
49,9
50,3
51,2
52,3
53,2
54,2
55,2
56,2
57,7
58,2
59,2
60,2
61,3
62,2
63,3
64,2
65,2
66,3
67,3
68,2
69,3
70,8
71,1
72,2
73,3
74,3
75,3
76,2
77,3
78,3
79,3
80,3
81,2
82,5
83,3
84,3
85,2
86,3
87,3
88,2
89,3
90,3
91,3
92,5
93,3
94,6
95,6
96,3
97,2
98,1
99,2
100,5
101,1
102,2
103,13
104,2
105,2
106,2
107,2
108,2
109,2
110,2
111,3
112,3
113,2
114,2
115,2
116,3
117,2
118,2
119,2
120,3
121,2
122,3
123,3
124,2
125,3
126,2
127,3
128,2
129,7
130,2
131,2
132,3
133,2
134,2
135,2
136,3
137,2
138,3
139,2
140,5
141,2
142,2
143,3
144,2
145,2
146,2
147,2
148,3
149,3
150,2
151,2
152,2
153,2
154,2
155,2
156,3
157,2
158,2
159,2
160,3
161,4
162,2
163,2
164,2
165,2
166,3
167,3
168,2
169,3
170,2
171,2
172,3
173,3
174,3
175,2
176,2
177,3
178,2
179,3
180,2
181,2
182,3
183,2
184,2
185,2
186,2
187,3
188,3
189,2
190,2
191,2
192,3
193,2
194,2
195,2
196,2
197,2
198,2
199,2
200,2
201,2
202,2
203,12
204,2
205,2
206,2
207,2
208,2
209,2
210,2
211,3
212,2
213,2
214,2
215,5
216,6
217,2
218,3
219,2
220,3
221,3
222,2
223,2
224,2
225,2
226,4
227,2
228,2
229,2
230,2
231,2
232,3
233,2
234,2
235,2
236,2
237,2
238,3
239,2
240,2
241,2
242,3
243,1
244,2
245,2
246,1
247,2
248,8
249,2
250,2
251,1
252,2
253,3
254,1
255,2
256,2
257,2
258,2
259,2
260,2
261,2
262,2
263,2
264,2
265,1
266,2
267,2
268,2
269,2
270,2
271,2
272,2
273,2
274,2
275,2
276,2
277,3
278,3
279,2
280,2
281,2
282,2
283,2
284,3
285,2
286,3
287,2
288,2
289,1
290,3
291,2
292,2
293,2
294,2
295,2
296,6
297,2
298,2
299,2
300,2
301,2
302,2
303,2
304,2
305,2
306,2
307,2
308,2
309,2
310,2
311,3
312,3
313,5
314,2
315,2
316,2
317,2
318,2
319,2
320,2
321,2
322,2
323,2
324,2
325,3
326,2
327,2
328,2
329,2
330,6
331,2
332,2
333,2
334,2
335,2
336,2
337,2
338,3
339,2
340,2
341,2
342,2
343,2
344,3
345,2
346,6
347,3
348,3
349,3
350,2
351,2
352,2
353,2
354,2
355,2
356,2
357,2
358,2
359,3
360,2
361,4
362,1
363,2
364,3
365,2
366,10
367,2
368,2
369,2
370,2
371,2
372,2
373,2
374,2
375,2
376,3
377,6
378,2
379,2
380,2
381,2
382,3
383,2
384,5
385,7
386,1
387,2
388,2
389,1
390,3
391,8
392,6
393,2
394,2
395,2
396,1
397,1
398,1
399,2
400,1
