1,16
2,16
3,9
4,6
5,3
6,5
7,4
8,5
9,5
10,3
11,3
12,3
13,3
14,3
15,9
16,3
17,4
18,3
19,3
20,7
21,3
22,3
23,6
24,3
25,8
26,3
27,3
28,5
29,2
30,3
31,6
32,3
33,2
34,2
35,4
36,2
37,3
38,3
39,3
40,6
41,2
42,2
43,3
44,3
45,2
46,6
47,5
48,2
49,3
50,2
51,2
52,2
53,3
54,3
55,2
56,2
57,3
58,2
59,4
60,3
61,2
62,3
63,2
65,2
64,7
66,2
67,2
68,2
69,3
70,6
71,2
72,3
73,2
74,3
75,2
76,3
77,3
78,3
79,3
80,3
81,3
82,3
83,2
84,3
85,3
86,3
87,2
88,4
89,2
90,3
91,3
92,2
93,5
94,3
95,2
96,3
97,3
98,4
99,8
100,3
101,2
102,2
103,3
104,3
105,1
106,10
107,2
108,2
109,2
110,2
111,2
112,3
113,2
114,2
115,3
116,2
117,3
118,2
119,2
120,3
121,2
122,2
123,3
124,2
125,7
126,2
127,3
128,2
129,3
130,3
131,7
132,2
133,2
134,2
135,7
136,13
137,1
138,2
139,2
140,2
141,2
142,1
143,2
144,3
145,5
146,2
147,2
148,2
149,2
150,2
151,2
152,2
153,3
154,3
155,4
156,2
157,2
158,1
159,2
160,17
161,1
162,2
163,2
164,1
165,4
166,1
167,2
168,2
169,2
170,2
171,2
172,2
173,2
174,5
175,2
176,2
177,2
178,2
179,2
180,2
181,2
182,2
183,2
184,3
185,2
186,2
187,2
188,2
189,3
190,3
191,2
192,3
193,2
194,4
195,2
196,2
197,3
198,2
199,3
200,2
201,13
202,2
203,1
204,2
205,2
206,2
207,2
208,2
209,10
210,8
211,2
212,5
213,2
214,3
215,2
216,3
217,2
218,2
219,6
220,2
221,2
222,2
223,2
224,2
225,3
226,2
227,8
228,2
229,2
230,2
231,3
232,2
233,3
234,3
235,5
236,2
237,2
238,2
239,3
240,2
241,2
242,2
243,5
244,2
245,1
246,2
247,2
248,4
249,2
250,2
251,5
252,2
253,3
254,2
255,2
256,2
257,2
258,3
259,5
260,2
261,1
262,3
263,3
264,2
265,2
266,2
267,2
268,2
269,2
270,2
271,1
272,2
273,2
274,6
275,2
276,2
277,2
278,2
279,2
280,2
281,2
282,6
283,2
284,5
285,2
286,2
287,3
288,2
289,2
290,2
291,2
292,4
293,2
294,6
295,2
296,2
297,2
298,2
299,2
300,1
301,1
302,2
303,2
304,2
305,1
306,7
307,5
308,2
309,2
310,1
311,5
312,2
313,2
314,2
315,2
316,2
317,1
318,2
319,2
320,5
321,2
322,3
323,2
324,2
325,3
326,2
327,2
328,2
329,2
330,5
331,3
332,5
333,2
334,2
335,2
336,3
337,2
338,2
339,2
340,3
341,2
342,2
343,2
344,2
345,2
346,3
347,2
348,2
349,2
350,2
351,2
352,2
353,7
354,2
355,2
356,6
357,2
358,2
359,4
360,2
361,2
362,7
363,1
364,3
365,2
366,2
367,2
368,6
369,1
370,2
371,2
372,2
373,3
374,2
375,2
376,4
377,2
378,2
379,6
380,2
381,2
382,3
383,2
384,2
385,2
386,3
387,3
388,3
389,2
390,20
391,3
392,2
393,4
394,2
395,3
396,2
397,2
398,2
399,2
400,2
