1,18
2,8
3,7
4,5
5,5
6,6
7,5
8,5
9,3
10,4
11,5
12,6
13,4
14,5
15,4
16,4
17,4
18,4
19,4
20,4
21,2
22,3
23,6
24,3
25,4
26,3
27,4
28,5
29,3
30,4
31,10
32,3
33,3
34,3
35,5
36,4
37,3
38,3
39,7
40,5
41,2
42,3
43,3
44,2
45,2
46,2
47,3
48,2
49,2
50,8
51,2
52,6
53,2
54,3
55,2
56,2
57,3
58,2
59,6
60,2
61,3
62,2
63,9
64,1
65,3
66,2
67,2
68,2
69,3
70,2
71,3
72,2
73,2
74,3
75,2
76,2
77,3
78,3
79,3
80,3
81,3
82,6
83,2
84,3
85,3
86,2
87,3
88,2
89,5
90,3
91,3
92,4
93,9
94,2
95,2
96,2
97,2
98,2
99,5
100,2
101,2
102,2
103,3
104,9
105,2
106,3
107,2
108,2
109,2
110,2
111,2
112,5
113,2
114,6
115,1
116,2
117,2
118,3
119,6
120,9
121,7
122,2
123,2
124,3
125,5
126,2
127,3
128,2
129,3
130,2
131,3
132,3
133,1
134,2
135,4
136,2
137,2
138,3
139,5
140,2
141,2
142,2
143,2
144,2
145,5
146,2
147,2
148,2
149,3
150,3
151,3
152,3
153,3
154,2
155,4
156,3
157,2
158,2
159,2
160,2
161,3
162,2
163,2
164,3
165,2
166,2
167,2
168,3
169,3
170,2
171,3
172,2
173,2
174,6
175,2
176,1
177,2
178,2
179,2
180,3
181,2
182,6
183,2
184,2
185,2
186,3
187,2
188,2
189,2
190,2
191,2
192,3
193,2
194,9
195,2
196,3
197,2
198,3
199,3
200,2
201,6
202,2
203,2
204,2
205,2
206,2
207,2
208,2
209,2
210,8
211,3
212,4
213,2
214,2
215,2
216,2
217,2
218,2
219,2
220,2
221,2
222,2
223,2
224,2
225,2
226,3
227,4
228,6
229,1
230,3
231,2
232,2
233,2
234,2
235,3
236,1
237,2
238,11
239,2
240,2
241,2
242,2
243,5
244,2
245,2
246,2
247,2
248,5
249,1
250,3
251,5
252,2
253,2
254,2
255,2
256,2
257,3
258,2
259,5
260,2
261,2
262,2
263,2
264,2
265,3
266,6
267,2
268,2
269,2
270,2
271,2
272,1
273,2
274,6
275,2
276,2
277,2
278,1
279,2
280,2
281,2
282,2
283,2
284,2
285,2
286,2
287,2
288,2
289,5
290,3
291,2
292,8
293,1
294,1
295,2
296,3
297,2
298,2
299,2
300,2
301,2
302,2
303,5
304,2
305,2
306,2
307,2
308,2
309,3
310,7
311,3
312,1
313,2
314,2
315,2
316,2
317,8
318,1
319,2
320,2
321,2
322,2
323,2
324,6
325,2
326,3
327,4
328,2
329,4
330,2
331,2
332,2
333,2
334,2
335,3
336,2
337,13
338,2
339,2
340,2
341,2
342,2
343,2
344,5
345,2
346,3
347,2
348,3
349,2
350,7
351,2
352,2
353,1
354,2
355,1
356,2
357,2
358,2
359,2
360,2
361,2
362,2
363,6
364,2
365,3
366,2
367,3
368,2
369,7
370,2
371,2
372,2
373,2
374,2
375,5
376,2
377,6
378,2
379,4
380,2
381,6
382,2
383,2
384,1
385,2
386,3
387,5
388,2
389,2
390,4
391,2
392,2
393,2
394,2
395,2
396,1
397,2
398,10
399,1
400,4
