1,12
2,6
3,12
4,4
5,5
6,4
7,5
8,5
9,3
10,4
11,8
12,9
13,5
14,4
15,4
16,4
17,4
18,4
19,8
20,4
21,2
22,3
23,6
24,3
25,3
26,4
27,3
28,11
29,2
30,3
31,4
32,2
33,3
34,4
35,5
36,4
37,3
38,3
39,3
40,4
41,4
42,3
43,2
44,3
45,4
46,2
47,4
48,11
49,2
50,2
51,2
52,3
53,2
54,2
55,3
56,5
57,3
58,4
59,5
60,2
61,3
62,2
63,5
64,2
65,2
66,7
67,2
68,2
69,3
70,2
71,3
72,3
73,2
74,3
75,2
76,2
77,2
78,3
79,2
80,3
81,2
82,6
83,3
84,3
85,2
86,3
87,2
88,2
89,2
90,2
91,3
92,2
93,11
94,2
95,2
96,2
97,2
98,2
99,8
100,2
101,2
102,3
103,3
104,8
105,2
106,3
107,2
108,2
109,2
110,2
111,3
112,2
113,5
114,2
115,2
116,2
117,3
118,2
119,2
120,2
121,4
122,2
123,2
124,2
125,7
126,2
127,2
128,1
129,2
130,2
131,2
132,1
133,2
134,2
135,3
136,2
137,2
138,1
139,2
140,8
141,2
142,1
143,2
144,4
145,3
146,2
147,2
148,2
149,1
150,2
151,2
152,9
153,2
154,2
155,3
156,2
157,1
158,2
159,2
160,2
161,6
162,1
163,2
164,2
165,3
166,2
167,2
168,1
169,2
170,2
171,1
172,3
173,2
174,4
175,2
176,1
177,2
178,1
179,2
180,2
181,2
182,2
183,2
184,3
185,2
186,2
187,2
188,2
189,2
190,2
191,1
192,2
193,2
194,7
195,6
196,1
197,2
198,2
199,2
200,2
201,5
202,2
203,2
204,2
205,1
206,2
207,2
208,1
209,2
210,5
211,1
212,2
213,2
214,1
215,2
216,2
217,2
218,2
219,2
220,1
221,2
222,2
223,1
224,2
225,2
226,1
227,4
228,3
229,2
230,2
231,2
232,2
233,2
234,2
235,5
236,1
237,2
238,2
239,1
240,2
241,2
242,1
243,8
244,2
245,2
246,2
247,2
248,2
249,2
250,1
251,5
252,2
253,1
254,1
255,2
256,2
257,2
258,2
259,6
260,1
261,2
262,2
263,1
264,2
265,2
266,2
267,2
268,2
269,1
270,2
271,2
272,1
273,2
274,5
275,1
276,2
277,2
278,1
279,2
280,2
281,1
282,2
283,2
284,1
285,2
286,2
287,1
288,3
289,7
290,2
291,2
292,4
293,2
294,2
295,1
296,8
297,2
298,2
299,2
300,1
301,2
302,1
303,6
304,2
305,3
306,2
307,2
308,3
309,2
310,5
311,3
312,2
313,2
314,1
315,2
316,2
317,5
318,2
319,2
320,3
321,2
322,2
323,2
324,6
325,2
326,4
327,2
328,2
329,2
330,2
331,2
332,2
333,2
334,2
335,2
336,2
337,5
338,3
339,2
340,2
341,3
342,2
343,2
344,6
345,2
346,4
347,1
348,2
349,2
350,5
351,2
352,2
353,2
354,1
355,2
356,2
357,2
358,3
359,2
360,2
361,1
362,2
363,3
364,2
365,2
366,2
367,2
368,3
369,9
370,2
371,2
372,2
373,2
374,2
375,5
376,2
377,2
378,2
379,2
380,2
381,6
382,2
383,2
384,2
385,7
386,3
387,5
388,2
389,2
390,2
391,3
392,2
393,4
394,2
395,3
396,2
397,2
398,6
399,2
400,5
