1,14
2,5
3,5
4,5
5,4
6,5
7,5
8,7
9,7
10,4
11,4
12,2
13,4
14,5
15,4
16,4
17,4
18,3
19,3
20,5
21,21
22,5
23,8
24,9
25,4
26,6
27,4
28,9
29,4
30,5
31,4
32,3
33,4
34,4
35,4
36,2
37,3
38,2
39,3
40,3
41,3
42,2
43,3
44,3
45,6
46,3
47,4
48,2
49,2
50,3
51,2
52,3
53,3
54,3
55,2
56,3
57,2
58,2
59,3
60,2
61,3
62,3
63,3
64,3
65,3
66,2
67,2
68,2
69,2
70,5
71,3
72,3
73,2
74,3
75,2
76,2
77,3
78,2
79,3
80,3
81,2
82,4
83,2
84,3
85,3
86,2
87,3
88,3
89,2
90,4
91,2
92,3
93,13
94,2
95,2
96,1
97,2
98,2
99,5
100,2
101,3
102,2
103,3
104,11
105,3
106,1
107,3
108,3
109,3
110,2
111,3
112,2
113,2
114,2
115,3
116,5
117,2
118,2
119,3
120,3
121,2
122,2
123,3
124,2
125,5
126,2
127,3
128,2
129,2
130,2
131,2
132,3
133,2
134,3
135,4
136,2
137,3
138,2
139,2
140,8
141,1
142,2
143,3
144,4
145,4
146,2
147,9
148,2
149,2
150,2
151,2
152,2
153,2
154,2
155,4
156,1
157,2
158,2
159,2
160,2
161,3
162,2
163,4
164,2
165,4
166,2
167,2
168,2
169,3
170,1
171,3
172,3
173,3
174,5
175,3
176,4
177,2
178,2
179,2
180,2
181,2
182,3
183,2
184,2
185,2
186,2
187,2
188,3
189,3
190,3
191,2
192,3
193,2
194,5
195,3
196,4
197,2
198,3
199,2
200,4
201,7
202,2
203,2
204,2
205,3
206,2
207,2
208,2
209,5
210,5
211,2
212,2
213,2
214,1
215,2
216,2
217,2
218,2
219,2
220,4
221,2
222,3
223,2
224,5
225,2
226,2
227,5
228,2
229,3
230,2
231,2
232,2
233,2
234,2
235,4
236,2
237,2
238,1
239,1
240,2
241,2
242,2
243,5
244,2
245,2
246,2
247,2
248,2
249,2
250,3
251,5
252,2
253,2
254,2
255,2
256,2
257,3
258,2
259,5
260,2
261,2
262,3
263,2
264,2
265,2
266,2
267,2
268,2
269,2
270,4
271,2
272,2
273,1
274,4
275,7
276,1
277,3
278,2
279,2
280,2
281,2
282,3
283,6
284,2
285,4
286,2
287,2
288,2
289,7
290,1
291,5
292,4
293,2
294,2
295,2
296,5
297,3
298,1
299,2
300,2
301,3
302,2
303,6
304,2
305,2
306,2
307,6
308,3
309,2
310,8
311,2
312,2
313,2
314,2
315,2
316,5
317,4
318,2
319,2
320,3
321,2
322,2
323,3
324,5
325,2
326,3
327,2
328,3
329,3
330,3
331,1
332,2
333,2
334,2
335,2
336,2
337,4
338,2
339,3
340,2
341,2
342,2
343,3
344,5
345,2
346,2
347,2
348,2
349,3
350,6
351,2
352,3
353,2
354,2
355,2
356,8
357,2
358,2
359,2
360,3
361,2
362,2
363,6
364,2
365,2
366,2
367,2
368,2
369,7
370,2
371,2
372,2
373,2
374,2
375,6
376,2
377,2
378,2
379,2
380,2
381,5
382,3
383,2
384,2
385,2
386,15
387,5
388,6
389,2
390,1
391,1
392,2
393,3
394,2
395,1
396,2
397,1
398,5
399,1
400,2
