1,12
2,6
3,11
4,6
5,8
6,9
7,11
8,6
9,6
10,3
11,12
12,4
13,3
14,5
15,4
16,4
17,4
18,4
19,5
20,4
21,4
22,4
23,6
24,4
25,4
26,3
27,4
28,4
29,4
30,3
31,4
32,3
33,4
34,3
35,6
36,3
37,4
38,3
39,3
40,3
41,2
42,2
43,2
44,16
45,8
46,2
47,4
48,2
49,2
50,2
51,2
52,2
53,3
54,1
55,2
56,2
57,2
58,2
59,6
60,2
61,3
62,3
63,8
64,2
65,2
66,2
67,2
68,2
69,2
70,2
71,2
72,2
73,2
74,2
75,2
76,3
77,2
78,2
79,2
80,1
81,3
82,5
83,1
84,2
85,2
86,1
87,2
88,3
89,1
90,2
91,2
92,2
93,3
94,2
95,2
96,2
97,2
98,2
99,4
100,2
101,2
102,1
103,2
104,4
105,2
106,2
107,2
108,2
109,1
110,2
111,3
112,2
113,2
114,2
115,1
116,2
117,2
118,1
119,2
120,2
121,6
122,2
123,2
124,1
125,4
126,3
127,2
128,2
129,1
130,2
131,2
132,3
133,2
134,3
135,5
136,2
137,2
138,3
139,2
140,3
141,2
142,2
143,2
144,2
145,4
146,8
147,2
148,2
149,2
150,2
151,2
152,2
153,2
154,2
155,4
156,3
157,3
158,3
159,1
160,2
161,2
162,2
163,3
164,1
165,3
166,2
167,3
168,2
169,2
170,2
171,2
172,2
173,2
174,4
175,2
176,2
177,2
178,2
179,2
180,2
181,3
182,2
183,2
184,3
185,2
186,2
187,2
188,2
189,2
190,1
191,2
192,2
193,2
194,14
195,2
196,2
197,3
198,2
199,2
200,2
201,5
202,2
203,2
204,2
205,2
206,2
207,2
208,2
209,2
210,6
211,2
212,4
213,2
214,3
215,2
216,2
217,2
218,2
219,15
220,2
221,1
222,2
223,2
224,2
225,3
226,2
227,4
228,2
229,6
230,2
231,2
232,2
233,2
234,2
235,5
236,3
237,2
238,2
239,3
240,2
241,2
242,2
243,8
244,2
245,3
246,2
247,2
248,2
249,7
250,2
251,3
252,1
253,2
254,2
255,4
256,2
257,2
258,3
259,3
260,2
261,2
262,2
263,2
264,2
265,2
266,3
267,2
268,1
269,2
270,2
271,2
272,2
273,2
274,5
275,2
276,2
277,2
278,3
279,2
280,4
281,2
282,2
283,2
284,2
285,3
286,2
287,2
288,6
289,6
290,2
291,2
292,4
293,2
294,2
295,3
296,5
297,2
298,2
299,2
300,4
301,2
302,2
303,5
304,1
305,2
306,3
307,1
308,2
309,1
310,8
311,1
312,2
313,3
314,2
315,2
316,2
317,5
318,2
319,2
320,2
321,2
322,2
323,2
324,5
325,2
326,2
327,2
328,2
329,1
330,2
331,2
332,2
333,2
334,2
335,2
336,2
337,6
338,2
339,1
340,2
341,2
342,2
343,3
344,5
345,2
346,2
347,2
348,2
349,2
350,5
351,2
352,2
353,2
354,3
355,2
356,2
357,2
358,2
359,2
360,3
361,2
362,2
363,6
364,2
365,2
366,2
367,2
368,1
369,4
370,2
371,1
372,2
373,2
374,2
375,5
376,2
377,2
378,2
379,2
380,2
381,5
382,2
383,2
384,2
385,3
386,4
387,9
388,1
389,1
390,4
391,2
392,2
393,1
394,2
395,2
396,1
397,2
398,5
399,1
400,2
