1,14
2,17
3,11
4,10
5,4
6,5
7,16
8,4
9,6
10,3
11,8
12,9
13,4
14,5
15,5
16,5
17,5
18,4
19,4
20,3
21,2
22,3
23,5
24,4
25,7
26,3
27,4
28,2
29,2
30,2
31,19
32,6
33,2
34,2
35,2
36,2
37,2
38,5
39,2
40,2
41,3
42,2
43,3
44,3
45,3
46,10
47,5
48,2
49,3
50,9
51,9
52,2
53,2
54,4
55,3
56,2
57,3
58,4
59,3
60,3
61,4
62,3
63,2
64,3
65,2
66,3
67,2
68,3
69,3
70,5
71,2
72,2
73,3
74,4
75,3
76,2
77,10
78,2
79,3
80,3
81,5
82,3
83,3
84,3
85,2
86,3
87,2
88,2
89,3
90,2
91,2
92,2
93,3
94,2
95,3
96,2
97,3
98,3
99,6
100,2
101,2
102,3
103,4
104,3
105,1
106,3
107,2
108,2
109,2
110,2
111,2
112,2
113,3
114,4
115,3
116,3
117,2
118,3
119,3
120,5
121,3
122,2
123,3
124,2
125,4
126,2
127,2
128,3
129,4
130,2
131,12
132,1
133,2
134,2
135,4
136,7
137,2
138,2
139,2
140,2
141,2
142,2
143,2
144,3
145,5
146,2
147,2
148,2
149,3
150,3
151,2
152,3
153,2
154,3
155,4
156,2
157,3
158,2
159,2
160,3
161,2
162,2
163,2
164,3
165,2
166,2
167,1
168,2
169,2
170,1
171,2
172,2
173,2
174,11
175,2
176,1
177,2
178,2
179,2
180,2
181,1
182,2
183,5
184,2
185,3
186,2
187,2
188,2
189,2
190,3
191,2
192,6
193,2
194,2
195,4
196,3
197,2
198,4
199,1
200,2
201,17
202,2
203,3
204,2
205,2
206,3
207,2
208,2
209,3
210,2
211,3
212,2
213,5
214,2
215,3
216,3
217,2
218,8
219,2
220,2
221,2
222,2
223,3
224,3
225,2
226,2
227,2
228,2
229,2
230,2
231,2
232,2
233,2
234,2
235,4
236,3
237,2
238,3
239,3
240,2
241,3
242,3
243,6
244,2
245,2
246,2
247,3
248,2
249,8
250,3
251,2
252,3
253,2
254,3
255,9
256,1
257,2
258,2
259,3
260,2
261,2
262,3
263,2
264,1
265,1
266,2
267,5
268,2
269,2
270,3
271,3
272,1
273,3
274,2
275,3
276,2
277,2
278,2
279,3
280,3
281,2
282,6
283,2
284,2
285,2
286,2
287,2
288,2
289,2
290,2
291,2
292,3
293,2
294,2
295,3
296,1
297,4
298,3
299,2
300,5
301,2
302,2
303,2
304,2
305,2
306,2
307,2
308,2
309,2
310,2
311,2
312,4
313,2
314,2
315,1
316,3
317,2
318,1
319,2
320,1
321,2
322,1
323,2
324,8
325,1
326,2
327,2
328,1
329,3
330,3
331,2
332,2
333,2
334,2
335,2
336,2
337,3
338,2
339,2
340,6
341,2
342,2
343,2
344,10
345,2
346,3
347,3
348,1
349,2
350,3
351,1
352,2
353,2
354,6
355,2
356,2
357,2
358,2
359,2
360,2
361,2
362,2
363,2
364,2
365,2
366,2
367,7
368,3
369,2
370,2
371,2
372,2
373,2
374,3
375,3
376,2
377,2
378,2
379,2
380,5
381,2
382,2
383,2
384,2
385,2
386,12
387,11
388,9
389,2
390,2
391,4
392,2
393,7
394,1
395,2
396,2
397,2
398,2
399,2
400,2
