1,14
2,12
3,16
4,7
5,5
6,4
7,5
8,5
9,15
10,8
11,9
12,3
13,7
14,15
15,3
16,4
17,3
18,2
19,3
20,4
21,3
22,3
23,6
24,4
25,4
26,4
27,4
28,4
29,2
30,3
31,3
32,2
33,4
34,3
35,11
36,3
37,3
38,3
39,3
40,2
41,4
42,2
43,4
44,3
45,2
46,3
47,5
48,14
49,2
50,3
51,3
52,2
53,7
54,2
55,2
56,2
57,2
58,2
59,2
60,3
61,4
62,2
63,3
64,2
65,2
66,4
67,2
68,2
69,3
70,5
71,3
72,2
73,2
74,3
75,3
76,3
77,2
78,3
79,2
80,2
81,2
82,2
83,3
84,3
85,3
86,12
87,1
88,2
89,2
90,3
91,6
92,3
93,7
94,3
95,3
96,3
97,3
98,2
99,7
100,2
101,3
102,2
103,3
104,4
105,1
106,3
107,1
108,2
109,3
110,7
111,2
112,2
113,2
114,2
115,4
116,3
117,2
118,3
119,2
120,2
121,3
122,2
123,2
124,5
125,4
126,3
127,2
128,3
129,2
130,2
131,3
132,2
133,3
134,2
135,6
136,1
137,6
138,2
139,2
140,3
141,3
142,2
143,3
144,2
145,5
146,1
147,5
148,1
149,2
150,2
151,2
152,1
153,3
154,2
155,6
156,2
157,1
158,3
159,12
160,2
161,2
162,2
163,2
164,3
165,4
166,2
167,2
168,2
169,2
170,2
171,3
172,2
173,2
174,5
175,2
176,2
177,2
178,3
179,2
180,2
181,3
182,2
183,2
184,2
185,2
186,2
187,2
188,1
189,2
190,3
191,2
192,1
193,2
194,6
195,4
196,10
197,2
198,3
199,3
200,8
201,3
202,5
203,3
204,2
205,3
206,5
207,3
208,1
209,20
210,1
211,2
212,2
213,3
214,2
215,3
216,2
217,2
218,2
219,3
220,2
221,17
222,2
223,2
224,2
225,2
226,2
227,2
228,3
229,2
230,3
231,3
232,3
233,4
234,2
235,2
236,4
237,3
238,2
239,2
240,2
241,2
242,2
243,2
244,9
245,4
246,1
247,2
248,2
249,2
250,3
251,3
252,2
253,2
254,2
255,2
256,3
257,2
258,1
259,2
260,2
261,2
262,3
263,2
264,2
265,3
266,1
267,2
268,5
269,2
270,2
271,2
272,2
273,2
274,2
275,3
276,2
277,2
278,3
279,6
280,3
281,1
282,2
283,3
284,2
285,3
286,2
287,2
288,2
289,2
290,2
291,2
292,3
293,2
294,1
295,1
296,2
297,2
298,1
299,2
300,5
301,1
302,3
303,1
304,1
305,1
306,2
307,3
308,2
309,2
310,2
311,2
312,2
313,2
314,2
315,2
316,3
317,2
318,2
319,2
320,2
321,2
322,2
323,2
324,3
325,2
326,2
327,2
328,3
329,2
330,7
331,2
332,2
333,2
334,2
335,2
336,2
337,3
338,4
339,3
340,5
341,2
342,2
343,3
344,2
345,2
346,3
347,2
348,2
349,2
350,2
351,3
352,2
353,2
354,3
355,2
356,2
357,3
358,2
359,2
360,2
361,2
362,6
363,2
364,2
365,2
366,2
367,2
368,2
369,2
370,6
371,2
372,2
373,2
374,2
375,2
376,1
377,2
378,2
379,2
380,2
381,3
382,2
383,3
384,3
385,5
386,12
387,2
388,8
389,3
390,2
391,9
392,2
393,2
394,1
395,2
396,2
397,3
398,2
399,6
400,2
