1,21
2,16
3,17
4,13
5,4
6,5
7,5
8,5
9,8
10,9
11,11
12,12
13,3
14,7
15,5
16,4
17,5
18,5
19,5
20,3
21,2
22,4
23,6
24,4
25,8
26,4
27,4
28,4
29,2
30,2
31,4
32,2
33,3
34,3
35,2
36,5
37,2
38,3
39,4
40,3
41,4
42,3
43,6
44,15
45,2
46,9
47,2
48,2
49,3
50,3
51,10
52,2
53,17
54,3
55,3
56,18
57,2
58,2
59,3
60,2
61,2
62,5
63,3
64,3
65,2
66,3
67,2
68,3
69,2
70,6
71,3
72,2
73,3
74,2
75,3
76,2
77,2
78,2
79,3
80,3
81,3
82,2
83,3
84,3
85,3
86,2
87,3
88,3
89,2
90,2
91,3
92,2
93,3
94,6
95,3
96,3
97,4
98,3
99,6
100,2
101,2
102,3
103,3
104,2
105,2
106,2
107,3
108,2
109,2
110,7
111,2
112,2
113,2
114,2
115,2
116,2
117,3
118,2
119,2
120,2
121,2
122,2
123,2
124,3
125,2
126,2
127,3
128,6
129,2
130,3
131,2
132,2
133,3
134,2
135,4
136,6
137,2
138,2
139,2
140,6
141,3
142,1
143,3
144,7
145,1
146,2
147,2
148,2
149,2
150,2
151,2
152,3
153,2
154,2
155,3
156,2
157,3
158,1
159,2
160,3
161,2
162,3
163,2
164,2
165,2
166,2
167,2
168,2
169,2
170,2
171,3
172,2
173,5
174,2
175,2
176,2
177,2
178,2
179,2
180,3
181,2
182,3
183,2
184,2
185,2
186,2
187,3
188,2
189,2
190,7
191,4
192,3
193,2
194,2
195,3
196,3
197,2
198,4
199,2
200,2
201,5
202,2
203,14
204,3
205,3
206,5
207,1
208,2
209,3
210,2
211,3
212,3
213,2
214,2
215,2
216,3
217,2
218,3
219,2
220,2
221,2
222,2
223,2
224,3
225,2
226,2
227,2
228,1
229,2
230,2
231,3
232,2
233,2
234,2
235,3
236,2
237,2
238,2
239,2
240,3
241,2
242,5
243,2
244,3
245,2
246,2
247,2
248,3
249,2
250,2
251,2
252,2
253,3
254,3
255,2
256,2
257,2
258,2
259,2
260,2
261,2
262,3
263,2
264,2
265,2
266,2
267,2
268,2
269,2
270,3
271,2
272,3
273,3
274,2
275,2
276,3
277,2
278,3
279,2
280,2
281,1
282,1
283,2
284,2
285,2
286,2
287,2
288,3
289,2
290,2
291,2
292,2
293,5
294,1
295,3
296,7
297,3
298,3
299,1
300,2
301,2
302,2
303,2
304,2
305,2
306,2
307,2
308,3
309,2
310,2
311,2
312,6
313,6
314,2
315,2
316,2
317,2
318,2
319,2
320,2
321,3
322,1
323,2
324,2
325,2
326,3
327,2
328,2
329,2
330,6
331,1
332,1
333,2
334,1
335,2
336,2
337,2
338,2
339,2
340,2
341,1
342,3
343,2
344,2
345,9
346,9
347,1
348,2
349,2
350,2
351,3
352,2
353,3
354,3
355,2
356,2
357,2
358,2
359,2
360,2
361,3
362,5
363,2
364,2
365,2
366,2
367,2
368,3
369,2
370,3
371,2
372,2
373,2
374,2
375,3
376,3
377,5
378,1
379,2
380,2
381,3
382,2
383,2
384,3
385,6
386,10
387,2
388,2
389,11
390,3
391,3
392,5
393,3
394,3
395,1
396,2
397,2
398,2
399,3
400,2
