1,31
2,32
3,8
4,4
5,4
6,3
7,7
8,10
9,8
10,4
11,14
12,2
13,3
14,3
15,4
16,3
17,3
18,3
19,3
20,3
21,2
22,3
23,6
24,3
25,2
26,3
27,3
28,13
29,2
30,3
31,32
32,20
33,2
34,3
35,4
36,5
37,5
38,3
39,2
40,2
41,3
42,2
43,2
44,17
45,2
46,2
47,11
48,3
49,2
50,2
51,2
52,1
53,2
54,2
55,2
56,2
57,2
58,2
59,2
60,2
61,2
62,2
63,3
64,2
65,2
66,3
67,2
68,2
69,2
70,5
71,2
72,2
73,2
74,1
75,2
76,3
77,1
78,2
79,2
80,2
81,2
82,2
83,2
84,3
85,2
86,2
87,2
88,4
89,2
90,1
91,3
92,1
93,4
94,2
95,2
96,3
97,2
98,2
99,4
100,2
101,3
102,2
103,2
104,21
105,3
106,2
107,2
108,2
109,3
110,2
111,3
112,4
113,2
114,2
115,2
116,2
117,1
118,2
119,2
120,6
121,1
122,2
123,20
124,1
125,4
126,2
127,3
128,2
129,2
130,2
131,7
132,2
133,2
134,4
135,13
136,1
137,2
138,2
139,1
140,2
141,2
142,1
143,5
144,2
145,4
146,3
147,2
148,2
149,2
150,2
151,2
152,1
153,2
154,3
155,4
156,1
157,2
158,2
159,9
160,4
161,2
162,2
163,1
164,1
165,4
166,1
167,2
168,2
169,1
170,1
171,2
172,2
173,1
174,4
175,2
176,1
177,2
178,2
179,1
180,2
181,2
182,4
183,2
184,3
185,2
186,2
187,2
188,2
189,3
190,2
191,2
192,1
193,2
194,2
195,2
196,2
197,2
198,1
199,7
200,2
201,19
202,5
203,1
204,1
205,2
206,4
207,2
208,2
209,1
210,10
211,2
212,1
213,2
214,4
215,1
216,2
217,2
218,2
219,2
220,2
221,1
222,2
223,3
224,1
225,2
226,2
227,11
228,2
229,2
230,1
231,2
232,1
233,2
234,2
235,4
236,2
237,1
238,1
239,3
240,1
241,2
242,2
243,6
244,2
245,1
246,2
247,2
248,2
249,1
250,2
251,1
252,2
253,2
254,4
255,1
256,2
257,1
258,2
259,2
260,2
261,2
262,2
263,1
264,2
265,5
266,1
267,5
268,2
269,1
270,2
271,2
272,1
273,2
274,6
275,3
276,2
277,2
278,5
279,2
280,3
281,1
282,5
283,2
284,1
285,2
286,2
287,2
288,1
289,2
290,2
291,1
292,2
293,2
294,1
295,2
296,2
297,4
298,2
299,1
300,6
301,2
302,1
303,2
304,2
305,2
306,2
307,1
308,2
309,2
310,2
311,2
312,2
313,2
314,5
315,2
316,2
317,2
318,2
319,2
320,2
321,2
322,2
323,3
324,6
325,2
326,2
327,2
328,3
329,2
330,1
331,2
332,2
333,2
334,2
335,2
336,6
337,2
338,2
339,2
340,2
341,2
342,2
343,2
344,2
345,2
346,3
347,8
348,1
349,2
350,2
351,2
352,2
353,3
354,2
355,3
356,2
357,2
358,3
359,6
360,3
361,2
362,2
363,1
364,2
365,2
366,2
367,2
368,2
369,3
370,5
371,2
372,1
373,2
374,2
375,4
376,3
377,2
378,1
379,2
380,2
381,6
382,1
383,2
384,1
385,4
386,10
387,9
388,1
389,4
390,2
391,3
392,13
393,2
394,2
395,1
396,1
397,2
398,4
399,2
400,7
