1,15
2,4
3,7
4,5
5,5
6,5
7,5
8,5
9,6
10,5
11,14
12,6
13,4
14,4
15,4
16,3
17,4
18,4
19,5
20,3
21,4
22,3
23,6
24,3
25,8
26,5
27,4
28,4
29,3
30,4
31,9
32,2
33,3
34,4
35,5
36,3
37,3
38,3
39,3
40,3
41,5
42,3
43,2
44,3
45,3
46,2
47,3
48,3
49,2
50,2
51,2
52,14
53,2
54,2
55,3
56,4
57,2
58,3
59,5
60,3
61,2
62,3
63,4
64,2
65,3
66,18
67,2
68,3
69,2
70,3
71,2
72,4
73,3
74,3
75,2
76,14
77,2
78,6
79,2
80,6
81,2
82,7
83,3
84,3
85,7
86,3
87,2
88,3
89,2
90,2
91,3
92,2
93,9
94,2
95,2
96,2
97,2
98,3
99,2
100,3
101,3
102,2
103,3
104,11
105,2
106,2
107,2
108,1
109,2
110,3
111,2
112,3
113,2
114,2
115,2
116,2
117,3
118,3
119,2
120,6
121,3
122,2
123,2
124,3
125,4
126,3
127,3
128,2
129,3
130,2
131,2
132,7
133,2
134,2
135,4
136,2
137,2
138,2
139,3
140,2
141,2
142,3
143,2
144,2
145,5
146,2
147,9
148,2
149,2
150,2
151,2
152,11
153,1
154,2
155,6
156,2
157,2
158,2
159,2
160,2
161,2
162,2
163,2
164,3
165,14
166,3
167,5
168,2
169,1
170,1
171,2
172,2
173,5
174,4
175,2
176,2
177,2
178,2
179,2
180,2
181,2
182,6
183,2
184,3
185,1
186,6
187,2
188,3
189,2
190,2
191,3
192,2
193,2
194,2
195,2
196,3
197,3
198,2
199,3
200,2
201,5
202,2
203,2
204,2
205,2
206,2
207,2
208,2
209,4
210,4
211,2
212,2
213,2
214,3
215,2
216,2
217,3
218,2
219,2
220,2
221,3
222,3
223,3
224,3
225,2
226,6
227,3
228,3
229,1
230,2
231,2
232,3
233,2
234,6
235,4
236,2
237,1
238,2
239,2
240,1
241,2
242,2
243,5
244,2
245,3
246,1
247,2
248,2
249,2
250,2
251,5
252,1
253,2
254,2
255,1
256,2
257,2
258,1
259,4
260,2
261,2
262,2
263,1
264,2
265,2
266,1
267,4
268,2
269,1
270,2
271,2
272,1
273,2
274,5
275,2
276,2
277,1
278,2
279,3
280,2
281,2
282,2
283,2
284,1
285,2
286,6
287,1
288,2
289,3
290,2
291,2
292,1
293,2
294,2
295,2
296,5
297,2
298,2
299,2
300,1
301,2
302,2
303,5
304,2
305,2
306,2
307,2
308,3
309,2
310,5
311,3
312,1
313,2
314,2
315,3
316,2
317,8
318,1
319,2
320,2
321,2
322,2
323,1
324,5
325,2
326,2
327,2
328,2
329,1
330,2
331,2
332,1
333,2
334,2
335,2
336,2
337,6
338,1
339,2
340,1
341,2
342,2
343,5
344,5
345,3
346,3
347,2
348,1
349,2
350,5
351,3
352,2
353,1
354,2
355,2
356,2
357,2
358,1
359,2
360,2
361,1
362,2
363,8
364,1
365,5
366,1
367,1
368,2
369,7
370,2
371,3
372,1
373,9
374,1
375,2
376,4
377,5
378,2
379,1
380,2
381,2
382,1
383,2
384,2
385,6
386,10
387,2
388,1
389,14
390,2
391,2
392,1
393,2
394,6
395,2
396,2
397,2
398,2
399,2
400,3
