1,25
2,19
3,4
4,3
5,7
6,6
7,7
8,4
9,6
10,5
11,8
12,5
13,4
14,9
15,4
16,19
17,2
18,5
19,6
20,4
21,4
22,4
23,5
24,8
25,3
26,4
27,4
28,2
29,3
30,3
31,10
32,3
33,10
34,3
35,6
36,4
37,4
38,3
39,3
40,3
41,4
42,3
43,4
44,2
45,3
46,2
47,4
48,3
49,2
50,3
51,7
52,3
53,13
54,2
55,3
56,2
57,2
58,2
59,2
60,4
61,2
62,3
63,3
64,2
65,5
66,2
67,3
68,3
69,4
70,5
71,4
72,3
73,3
74,2
75,3
76,2
77,2
78,2
79,2
80,3
81,3
82,8
83,2
84,2
85,2
86,4
87,3
88,2
89,2
90,3
91,3
92,2
93,10
94,3
95,3
96,3
97,3
98,5
99,3
100,3
101,2
102,3
103,2
104,8
105,2
106,2
107,3
108,2
109,3
110,2
111,3
112,1
113,10
114,2
115,5
116,2
117,2
118,1
119,2
120,6
121,1
122,2
123,2
124,2
125,3
126,2
127,2
128,2
129,2
130,9
131,2
132,3
133,2
134,2
135,5
136,2
137,2
138,2
139,2
140,8
141,1
142,3
143,2
144,4
145,4
146,2
147,12
148,1
149,2
150,2
151,1
152,8
153,2
154,1
155,4
156,2
157,2
158,2
159,2
160,2
161,1
162,2
163,1
164,1
165,4
166,2
167,1
168,2
169,2
170,2
171,2
172,2
173,2
174,5
175,2
176,2
177,2
178,2
179,2
180,2
181,2
182,2
183,1
184,2
185,2
186,1
187,2
188,2
189,1
190,2
191,2
192,1
193,2
194,2
195,2
196,2
197,2
198,1
199,2
200,2
201,4
202,2
203,2
204,5
205,2
206,2
207,1
208,2
209,3
210,3
211,2
212,2
213,1
214,3
215,2
216,1
217,2
218,2
219,1
220,2
221,2
222,1
223,2
224,2
225,1
226,3
227,5
228,1
229,2
230,2
231,2
232,2
233,2
234,5
235,3
236,2
237,1
238,2
239,2
240,1
241,2
242,2
243,5
244,2
245,2
246,2
247,2
248,2
249,1
250,2
251,4
252,2
253,2
254,1
255,2
256,2
257,1
258,3
259,5
260,3
261,2
262,2
263,2
264,2
265,1
266,2
267,2
268,3
269,2
270,5
271,1
272,2
273,2
274,4
275,4
276,2
277,2
278,3
279,1
280,2
281,2
282,2
283,4
284,3
285,2
286,2
287,2
288,2
289,7
290,2
291,2
292,3
293,2
294,2
295,2
296,6
297,2
298,4
299,2
300,2
301,2
302,2
303,12
304,2
305,6
306,2
307,2
308,2
309,2
310,5
311,3
312,2
313,2
314,2
315,2
316,2
317,6
318,2
319,5
320,1
321,10
322,2
323,2
324,5
325,2
326,2
327,2
328,2
329,3
330,2
331,2
332,2
333,3
334,3
335,2
336,2
337,7
338,2
339,2
340,2
341,3
342,2
343,3
344,5
345,2
346,3
347,1
348,2
349,2
350,7
351,1
352,2
353,2
354,2
355,2
356,2
357,3
358,2
359,1
360,2
361,2
362,3
363,11
364,2
365,2
366,2
367,2
368,2
369,8
370,2
371,4
372,2
373,2
374,2
375,8
376,3
377,5
378,2
379,3
380,7
381,6
382,6
383,2
384,2
385,2
386,13
387,5
388,3
389,1
390,3
391,2
392,2
393,6
394,2
395,1
396,2
397,2
398,2
399,8
400,1
