1,28
2,20
3,6
4,5
5,6
6,4
7,5
8,15
9,5
10,4
11,22
12,3
13,4
14,3
15,4
16,6
17,4
18,3
19,12
20,2
21,3
22,5
23,6
24,3
25,16
26,4
27,3
28,7
29,2
30,2
31,10
32,2
33,2
34,2
35,5
36,6
37,2
38,2
39,2
40,2
41,2
42,2
43,2
44,11
45,2
46,3
47,5
48,3
49,5
50,2
51,2
52,1
53,2
54,2
55,2
56,2
57,2
58,2
59,2
60,2
61,2
62,2
63,2
64,2
65,2
66,2
67,2
68,2
69,2
70,5
71,2
72,2
73,2
74,2
75,2
76,2
77,2
78,2
79,1
80,2
81,2
82,4
83,2
84,2
85,2
86,1
87,2
88,2
89,1
90,2
91,2
92,2
93,7
94,2
95,2
96,2
97,2
98,2
99,4
100,2
101,2
102,1
103,7
104,10
105,1
106,6
107,6
108,2
109,2
110,2
111,12
112,2
113,2
114,12
115,2
116,2
117,2
118,2
119,2
120,6
121,2
122,2
123,2
124,1
125,4
126,2
127,2
128,2
129,2
130,1
131,2
132,2
133,1
134,2
135,5
136,1
137,2
138,2
139,3
140,4
141,2
142,7
143,3
144,9
145,4
146,4
147,19
148,2
149,1
150,2
151,2
152,3
153,1
154,1
155,5
156,3
157,3
158,2
159,3
160,2
161,3
162,2
163,3
164,1
165,9
166,2
167,2
168,2
169,2
170,2
171,3
172,2
173,2
174,5
175,3
176,3
177,4
178,2
179,3
180,2
181,3
182,1
183,3
184,2
185,3
186,2
187,2
188,2
189,2
190,4
191,2
192,3
193,5
194,2
195,5
196,2
197,2
198,2
199,2
200,3
201,5
202,2
203,8
204,2
205,7
206,2
207,2
208,1
209,4
210,6
211,3
212,2
213,2
214,3
215,2
216,3
217,1
218,6
219,2
220,4
221,2
222,4
223,2
224,3
225,2
226,2
227,5
228,2
229,2
230,3
231,2
232,2
233,3
234,2
235,6
236,3
237,3
238,2
239,10
240,2
241,2
242,3
243,4
244,1
245,2
246,2
247,1
248,2
249,2
250,2
251,14
252,3
253,2
254,3
255,2
256,2
257,2
258,3
259,6
260,2
261,2
262,1
263,1
264,2
265,2
266,2
267,2
268,2
269,2
270,2
271,3
272,3
273,2
274,5
275,2
276,8
277,2
278,4
279,2
280,3
281,2
282,2
283,2
284,2
285,2
286,2
287,2
288,2
289,6
290,2
291,2
292,4
293,4
294,2
295,2
296,5
297,2
298,2
299,2
300,2
301,2
302,2
303,12
304,2
305,4
306,2
307,5
308,3
309,5
310,5
311,3
312,2
313,2
314,2
315,3
316,2
317,6
318,2
319,3
320,1
321,1
322,2
323,2
324,9
325,6
326,2
327,2
328,3
329,2
330,2
331,1
332,3
333,2
334,2
335,2
336,2
337,6
338,2
339,2
340,3
341,3
342,2
343,3
344,5
345,2
346,3
347,1
348,2
349,2
350,6
351,2
352,2
353,2
354,2
355,3
356,2
357,1
358,2
359,3
360,3
361,2
362,2
363,6
364,2
365,2
366,2
367,3
368,2
369,7
370,3
371,2
372,2
373,2
374,2
375,9
376,2
377,3
378,2
379,2
380,9
381,4
382,2
383,1
384,1
385,2
386,3
387,5
388,3
389,2
390,2
391,2
392,2
393,2
394,3
395,1
396,2
397,2
398,6
399,2
400,2
