1,12
2,5
3,9
4,5
5,4
6,5
7,3
8,6
9,5
10,6
11,11
12,11
13,6
14,6
15,5
16,3
17,3
18,2
19,4
20,4
21,4
22,4
23,7
24,3
25,4
26,4
27,4
28,4
29,3
30,4
31,4
32,3
33,3
34,3
35,6
36,3
37,3
38,3
39,3
40,3
41,3
42,3
43,3
44,2
45,2
46,14
47,12
48,3
49,3
50,3
51,3
52,4
53,3
54,3
55,6
56,2
57,3
58,1
59,6
60,3
61,2
62,3
63,3
64,2
65,2
66,3
67,3
68,3
69,2
70,3
71,2
72,3
73,2
74,3
75,2
76,2
77,2
78,2
79,2
80,2
81,2
82,5
83,2
84,3
85,2
86,2
87,3
88,3
89,3
90,4
91,4
92,3
93,5
94,2
95,3
96,2
97,2
98,6
99,3
100,2
101,3
102,3
103,4
104,12
105,2
106,2
107,2
108,2
109,3
110,2
111,3
112,2
113,2
114,3
115,2
116,2
117,3
118,2
119,2
120,5
121,12
122,2
123,2
124,2
125,4
126,2
127,1
128,3
129,2
130,2
131,2
132,2
133,3
134,3
135,4
136,2
137,2
138,3
139,2
140,3
141,2
142,7
143,2
144,1
145,7
146,2
147,2
148,2
149,6
150,2
151,1
152,14
153,2
154,11
155,6
156,2
157,3
158,2
159,2
160,3
161,2
162,2
163,2
164,2
165,4
166,5
167,2
168,2
169,2
170,2
171,4
172,2
173,3
174,4
175,3
176,2
177,2
178,3
179,2
180,3
181,2
182,1
183,2
184,3
185,3
186,2
187,2
188,1
189,2
190,3
191,3
192,2
193,3
194,2
195,11
196,2
197,1
198,2
199,2
200,2
201,5
202,1
203,2
204,6
205,2
206,2
207,2
208,1
209,2
210,5
211,1
212,2
213,2
214,1
215,2
216,2
217,3
218,3
219,2
220,1
221,10
222,3
223,1
224,2
225,2
226,2
227,4
228,2
229,2
230,2
231,1
232,2
233,11
234,1
235,4
236,1
237,2
238,2
239,2
240,7
241,2
242,2
243,5
244,1
245,2
246,2
247,2
248,2
249,2
250,2
251,5
252,2
253,3
254,1
255,2
256,2
257,3
258,2
259,5
260,3
261,2
262,2
263,4
264,3
265,2
266,2
267,2
268,1
269,2
270,3
271,2
272,3
273,2
274,5
275,2
276,1
277,2
278,2
279,1
280,2
281,2
282,1
283,2
284,14
285,3
286,2
287,2
288,2
289,19
290,2
291,2
292,11
293,3
294,8
295,2
296,5
297,2
298,2
299,3
300,3
301,2
302,2
303,5
304,3
305,2
306,3
307,2
308,2
309,1
310,7
311,2
312,2
313,2
314,3
315,7
316,1
317,6
318,2
319,1
320,3
321,2
322,2
323,1
324,6
325,3
326,2
327,2
328,2
329,1
330,2
331,4
332,4
333,2
334,1
335,3
336,2
337,5
338,2
339,3
340,3
341,2
342,2
343,2
344,6
345,2
346,3
347,2
348,2
349,2
350,7
351,1
352,3
353,2
354,2
355,2
356,3
357,2
358,2
359,2
360,5
361,1
362,4
363,7
364,2
365,5
366,1
367,1
368,3
369,6
370,2
371,1
372,2
373,1
374,2
375,7
376,6
377,1
378,2
379,4
380,2
381,6
382,2
383,2
384,3
385,2
386,3
387,5
388,3
389,2
390,1
391,2
392,2
393,2
394,1
395,7
396,2
397,2
398,19
399,2
400,3
