1,25
2,4
3,10
4,3
5,5
6,5
7,5
8,4
9,4
10,6
11,21
12,18
13,5
14,4
15,4
16,4
17,3
18,3
19,16
20,3
21,3
22,3
23,6
24,7
25,3
26,3
27,2
28,2
29,2
30,3
31,15
32,2
33,3
34,2
35,5
36,3
37,3
38,2
39,2
40,3
41,2
42,2
43,2
44,9
45,2
46,2
47,6
48,2
49,7
50,2
51,2
52,4
53,2
54,3
55,1
56,4
57,2
58,3
59,11
60,3
61,2
62,2
63,3
64,3
65,3
66,3
67,3
68,3
69,2
70,3
71,2
72,2
73,3
74,2
75,2
76,3
77,2
78,3
79,3
80,3
81,6
82,5
83,2
84,2
85,2
86,3
87,2
88,3
89,2
90,1
91,2
92,3
93,5
94,2
95,2
96,3
97,3
98,3
99,6
100,2
101,2
102,2
103,2
104,4
105,2
106,2
107,3
108,2
109,2
110,2
111,3
112,3
113,2
114,2
115,3
116,2
117,3
118,2
119,2
120,2
121,3
122,3
123,2
124,2
125,5
126,3
127,5
128,3
129,7
130,2
131,2
132,1
133,4
134,2
135,7
136,2
137,2
138,3
139,2
140,2
141,2
142,3
143,4
144,8
145,4
146,1
147,2
148,4
149,2
150,3
151,8
152,3
153,2
154,3
155,5
156,3
157,2
158,3
159,1
160,2
161,2
162,2
163,3
164,2
165,4
166,2
167,2
168,2
169,3
170,2
171,2
172,3
173,3
174,5
175,2
176,1
177,1
178,3
179,2
180,2
181,2
182,3
183,2
184,3
185,2
186,1
187,2
188,2
189,1
190,2
191,2
192,2
193,2
194,3
195,3
196,1
197,4
198,2
199,3
200,2
201,5
202,3
203,2
204,2
205,2
206,2
207,2
208,3
209,1
210,3
211,3
212,2
213,2
214,2
215,3
216,2
217,3
218,2
219,12
220,1
221,2
222,5
223,10
224,1
225,1
226,8
227,4
228,2
229,2
230,2
231,2
232,3
233,2
234,3
235,7
236,3
237,2
238,2
239,2
240,2
241,2
242,4
243,5
244,2
245,2
246,2
247,2
248,2
249,2
250,2
251,7
252,1
253,2
254,3
255,2
256,2
257,2
258,2
259,5
260,2
261,2
262,2
263,2
264,2
265,3
266,2
267,4
268,2
269,2
270,2
271,2
272,2
273,2
274,5
275,2
276,2
277,2
278,2
279,1
280,2
281,4
282,1
283,2
284,2
285,2
286,2
287,2
288,2
289,5
290,2
291,7
292,3
293,2
294,2
295,2
296,9
297,2
298,3
299,2
300,2
301,3
302,2
303,6
304,3
305,2
306,3
307,2
308,2
309,2
310,5
311,1
312,2
313,2
314,2
315,2
316,2
317,8
318,2
319,2
320,3
321,2
322,3
323,3
324,5
325,2
326,1
327,2
328,2
329,1
330,2
331,2
332,3
333,2
334,2
335,1
336,2
337,6
338,2
339,2
340,1
341,2
342,2
343,2
344,6
345,2
346,2
347,2
348,2
349,2
350,4
351,2
352,2
353,3
354,2
355,2
356,2
357,2
358,2
359,2
360,2
361,2
362,2
363,7
364,2
365,2
366,2
367,3
368,1
369,4
370,2
371,1
372,2
373,2
374,1
375,6
376,2
377,2
378,2
379,1
380,2
381,6
382,1
383,2
384,2
385,1
386,14
387,9
388,3
389,1
390,2
391,2
392,1
393,3
394,2
395,1
396,2
397,1
398,6
399,2
400,1
