1,14
2,6
3,5
4,6
5,8
6,5
7,4
8,16
9,4
10,7
11,9
12,8
13,5
14,5
15,5
16,4
17,5
18,4
19,15
20,3
21,4
22,4
23,6
24,2
25,2
26,3
27,4
28,3
29,4
30,3
31,4
32,3
33,4
34,6
35,6
36,3
37,3
38,3
39,3
40,3
41,3
42,3
43,3
44,3
45,3
46,2
47,5
48,4
49,3
50,2
51,3
52,3
53,3
54,3
55,3
56,3
57,2
58,2
59,6
60,1
61,3
62,4
63,3
64,2
65,3
66,2
67,4
68,3
69,3
70,2
71,2
72,4
73,3
74,2
75,3
76,3
77,5
78,5
79,2
80,2
81,2
82,8
83,2
84,3
85,2
86,2
87,2
88,3
89,2
90,1
91,2
92,3
93,7
94,2
95,2
96,3
97,3
98,2
99,7
100,2
101,3
102,3
103,3
104,4
105,2
106,2
107,1
108,3
109,2
110,2
111,3
112,3
113,2
114,3
115,2
116,2
117,2
118,2
119,1
120,2
121,2
122,1
123,3
124,2
125,4
126,2
127,1
128,3
129,3
130,2
131,2
132,2
133,3
134,3
135,5
136,2
137,3
138,2
139,2
140,2
141,3
142,2
143,2
144,3
145,4
146,2
147,2
148,2
149,1
150,2
151,2
152,2
153,2
154,2
155,4
156,8
157,3
158,2
159,4
160,3
161,2
162,2
163,2
164,2
165,4
166,2
167,2
168,2
169,2
170,2
171,2
172,2
173,2
174,5
175,2
176,2
177,1
178,2
179,1
180,2
181,2
182,2
183,2
184,2
185,2
186,2
187,2
188,2
189,3
190,2
191,2
192,2
193,2
194,2
195,4
196,2
197,2
198,2
199,2
200,2
201,4
202,3
203,2
204,2
205,1
206,2
207,3
208,12
209,1
210,3
211,2
212,1
213,3
214,2
215,5
216,3
217,2
218,18
219,5
220,1
221,2
222,5
223,2
224,2
225,2
226,2
227,4
228,2
229,2
230,2
231,3
232,2
233,2
234,2
235,5
236,2
237,2
238,2
239,2
240,2
241,2
242,2
243,5
244,3
245,2
246,2
247,2
248,2
249,2
250,2
251,6
252,2
253,2
254,2
255,3
256,2
257,2
258,2
259,6
260,2
261,2
262,3
263,2
264,2
265,3
266,3
267,2
268,3
269,1
270,1
271,4
272,3
273,3
274,7
275,2
276,3
277,5
278,2
279,2
280,2
281,3
282,2
283,2
284,2
285,1
286,2
287,2
288,2
289,5
290,2
291,2
292,4
293,2
294,2
295,3
296,5
297,3
298,2
299,2
300,2
301,2
302,2
303,5
304,2
305,2
306,1
307,2
308,2
309,1
310,6
311,1
312,2
313,2
314,1
315,2
316,2
317,5
318,2
319,2
320,2
321,2
322,1
323,2
324,5
325,2
326,2
327,2
328,1
329,2
330,3
331,2
332,2
333,2
334,2
335,2
336,1
337,6
338,1
339,2
340,2
341,1
342,2
343,2
344,6
345,2
346,2
347,4
348,2
349,1
350,5
351,2
352,2
353,2
354,1
355,2
356,2
357,1
358,2
359,2
360,2
361,2
362,1
363,5
364,2
365,1
366,2
367,2
368,1
369,5
370,2
371,1
372,2
373,1
374,2
375,5
376,1
377,2
378,1
379,2
380,2
381,5
382,2
383,2
384,2
385,2
386,3
387,8
388,2
389,2
390,2
391,2
392,2
393,2
394,2
395,1
396,2
397,2
398,6
399,2
400,2
