1,16
2,4
3,7
4,5
5,5
6,5
7,5
8,5
9,4
10,6
11,4
12,7
13,4
14,5
15,5
16,4
17,4
18,4
19,4
20,2
21,3
22,4
23,7
24,3
25,2
26,2
27,3
28,13
29,3
30,13
31,4
32,5
33,3
34,3
35,5
36,3
37,3
38,3
39,3
40,3
41,4
42,3
43,2
44,3
45,3
46,2
47,5
48,3
49,3
50,2
51,3
52,3
53,2
54,2
55,2
56,2
57,3
58,2
59,4
60,1
61,2
62,3
63,3
64,2
65,3
66,3
67,3
68,2
69,2
70,2
71,2
72,2
73,3
74,8
75,2
76,2
77,3
78,3
79,3
80,2
81,3
82,7
83,3
84,2
85,2
86,2
87,2
88,10
89,2
90,2
91,3
92,3
93,8
94,2
95,2
96,3
97,2
98,3
99,3
100,6
101,2
102,3
103,3
104,7
105,2
106,3
107,2
108,2
109,2
110,2
111,2
112,3
113,5
114,3
115,3
116,2
117,3
118,2
119,3
120,9
121,2
122,3
123,2
124,2
125,5
126,2
127,2
128,3
129,2
130,2
131,3
132,3
133,2
134,2
135,5
136,3
137,2
138,2
139,3
140,2
141,2
142,3
143,2
144,7
145,4
146,2
147,12
148,2
149,2
150,1
151,4
152,3
153,2
154,1
155,5
156,3
157,2
158,3
159,2
160,3
161,5
162,2
163,9
164,2
165,5
166,2
167,2
168,2
169,3
170,2
171,3
172,3
173,3
174,3
175,3
176,2
177,2
178,2
179,3
180,2
181,3
182,2
183,4
184,2
185,2
186,3
187,2
188,2
189,2
190,2
191,2
192,2
193,3
194,1
195,3
196,2
197,2
198,4
199,3
200,2
201,5
202,2
203,2
204,2
205,1
206,2
207,2
208,2
209,3
210,5
211,3
212,2
213,2
214,2
215,3
216,2
217,2
218,2
219,2
220,3
221,2
222,2
223,1
224,2
225,3
226,3
227,5
228,3
229,2
230,2
231,2
232,2
233,2
234,3
235,7
236,2
237,5
238,2
239,2
240,2
241,2
242,2
243,4
244,3
245,2
246,2
247,2
248,3
249,2
250,2
251,5
252,2
253,2
254,4
255,2
256,2
257,2
258,2
259,5
260,2
261,4
262,2
263,2
264,2
265,2
266,1
267,2
268,2
269,2
270,2
271,2
272,4
273,1
274,10
275,3
276,2
277,3
278,2
279,2
280,5
281,2
282,3
283,2
284,3
285,2
286,2
287,2
288,2
289,5
290,2
291,3
292,1
293,2
294,3
295,2
296,5
297,2
298,2
299,2
300,2
301,3
302,1
303,5
304,3
305,2
306,2
307,2
308,2
309,6
310,6
311,2
312,2
313,2
314,2
315,2
316,2
317,5
318,2
319,2
320,3
321,2
322,2
323,2
324,4
325,2
326,1
327,2
328,2
329,2
330,2
331,2
332,2
333,2
334,1
335,2
336,2
337,6
338,2
339,4
340,2
341,2
342,2
343,2
344,5
345,2
346,2
347,2
348,2
349,2
350,7
351,1
352,2
353,2
354,2
355,2
356,2
357,1
358,2
359,2
360,1
361,2
362,2
363,5
364,2
365,1
366,2
367,2
368,1
369,4
370,2
371,5
372,2
373,7
374,2
375,6
376,1
377,2
378,2
379,1
380,2
381,10
382,2
383,2
384,1
385,2
386,11
387,8
388,9
389,2
390,8
391,1
392,3
393,1
394,2
395,2
396,1
397,2
398,2
399,2
400,6
