1,24
2,11
3,5
4,5
5,5
6,5
7,5
8,4
9,4
10,5
11,6
12,5
13,5
14,4
15,5
16,4
17,4
18,4
19,4
20,3
21,4
22,4
23,6
24,4
25,4
26,4
27,3
28,4
29,2
30,3
31,3
32,2
33,3
34,3
35,5
36,4
37,2
38,3
39,3
40,3
41,3
42,3
43,3
44,3
45,2
46,3
47,3
48,3
49,2
50,2
51,3
52,2
53,3
54,3
55,2
56,3
57,2
58,2
59,3
60,2
61,2
62,2
63,2
64,2
65,2
66,2
67,2
68,3
69,3
70,5
71,4
72,3
73,2
74,2
75,2
76,3
77,2
78,2
79,8
80,3
81,3
82,4
83,2
84,3
85,2
86,3
87,3
88,6
89,10
90,3
91,3
92,2
93,9
94,4
95,3
96,2
97,2
98,2
99,3
100,2
101,6
102,3
103,3
104,8
105,3
106,2
107,3
108,2
109,3
110,2
111,3
112,2
113,2
114,2
115,3
116,1
117,2
118,2
119,4
120,2
121,2
122,1
123,2
124,2
125,10
126,2
127,2
128,2
129,1
130,2
131,11
132,3
133,3
134,2
135,5
136,2
137,2
138,3
139,2
140,2
141,8
142,2
143,2
144,4
145,5
146,2
147,7
148,3
149,2
150,2
151,2
152,11
153,2
154,3
155,4
156,2
157,3
158,2
159,2
160,2
161,2
162,3
163,3
164,2
165,4
166,2
167,2
168,2
169,2
170,2
171,2
172,2
173,8
174,4
175,3
176,2
177,2
178,4
179,2
180,4
181,1
182,2
183,1
184,2
185,2
186,2
187,2
188,3
189,2
190,2
191,2
192,2
193,2
194,2
195,2
196,2
197,2
198,2
199,3
200,2
201,14
202,2
203,2
204,2
205,2
206,2
207,2
208,2
209,4
210,5
211,3
212,1
213,2
214,2
215,3
216,3
217,2
218,1
219,2
220,3
221,3
222,2
223,2
224,2
225,2
226,3
227,5
228,2
229,3
230,2
231,2
232,2
233,3
234,2
235,6
236,2
237,2
238,3
239,2
240,1
241,1
242,2
243,4
244,2
245,2
246,2
247,2
248,2
249,2
250,3
251,5
252,2
253,3
254,2
255,2
256,2
257,2
258,2
259,6
260,2
261,2
262,2
263,2
264,2
265,2
266,2
267,8
268,2
269,2
270,2
271,2
272,2
273,3
274,5
275,3
276,2
277,5
278,2
279,2
280,2
281,2
282,2
283,2
284,2
285,3
286,2
287,12
288,2
289,7
290,2
291,1
292,2
293,2
294,2
295,2
296,6
297,1
298,2
299,2
300,2
301,2
302,7
303,6
304,2
305,2
306,2
307,2
308,3
309,5
310,5
311,3
312,2
313,2
314,2
315,2
316,2
317,6
318,2
319,2
320,2
321,2
322,2
323,2
324,6
325,2
326,2
327,2
328,2
329,2
330,3
331,2
332,3
333,2
334,2
335,3
336,2
337,6
338,2
339,2
340,2
341,2
342,2
343,2
344,5
345,2
346,3
347,3
348,3
349,2
350,7
351,2
352,4
353,2
354,2
355,2
356,2
357,2
358,5
359,1
360,2
361,2
362,3
363,4
364,3
365,2
366,9
367,2
368,8
369,5
370,2
371,2
372,2
373,2
374,2
375,5
376,3
377,3
378,2
379,2
380,1
381,6
382,2
383,2
384,2
385,2
386,2
387,5
388,3
389,1
390,3
391,2
392,2
393,2
394,2
395,1
396,2
397,2
398,8
399,2
400,1
