1,29
2,12
3,3
4,10
5,4
6,5
7,4
8,4
9,6
10,3
11,4
12,4
13,4
14,5
15,4
16,4
17,4
18,4
19,4
20,4
21,2
22,4
23,6
24,3
25,4
26,3
27,3
28,4
29,4
30,4
31,3
32,3
33,3
34,3
35,5
36,9
37,3
38,4
39,3
40,3
41,3
42,3
43,2
44,3
45,2
46,7
47,4
48,2
49,2
50,4
51,2
52,2
53,2
54,2
55,3
56,2
57,2
58,2
59,2
60,2
61,2
62,3
63,3
64,1
65,2
66,1
67,2
68,3
69,2
70,5
71,3
72,3
73,2
74,3
75,2
76,3
77,3
78,5
79,2
80,2
81,3
82,8
83,3
84,3
85,3
86,3
87,2
88,3
89,2
90,2
91,3
92,8
93,8
94,5
95,2
96,3
97,3
98,2
99,9
100,2
101,3
102,2
103,3
104,9
105,2
106,3
107,2
108,2
109,3
110,2
111,2
112,3
113,3
114,4
115,6
116,2
117,6
118,2
119,2
120,3
121,2
122,3
123,3
124,7
125,5
126,2
127,3
128,2
129,3
130,2
131,2
132,3
133,2
134,2
135,10
136,2
137,2
138,2
139,2
140,2
141,3
142,2
143,2
144,2
145,6
146,2
147,9
148,2
149,2
150,3
151,2
152,2
153,6
154,3
155,3
156,2
157,3
158,5
159,1
160,2
161,3
162,2
163,3
164,3
165,4
166,2
167,2
168,2
169,2
170,2
171,2
172,2
173,3
174,8
175,2
176,2
177,1
178,2
179,2
180,2
181,2
182,2
183,2
184,2
185,1
186,2
187,2
188,1
189,2
190,2
191,1
192,2
193,2
194,1
195,2
196,2
197,1
198,2
199,2
200,1
201,4
202,2
203,1
204,2
205,2
206,2
207,2
208,2
209,2
210,5
211,2
212,2
213,1
214,2
215,2
216,1
217,2
218,2
219,1
220,2
221,2
222,1
223,2
224,2
225,1
226,3
227,5
228,1
229,2
230,2
231,1
232,2
233,2
234,1
235,5
236,2
237,1
238,2
239,2
240,1
241,2
242,2
243,6
244,2
245,2
246,2
247,2
248,1
249,1
250,2
251,4
252,5
253,2
254,1
255,2
256,2
257,1
258,2
259,5
260,1
261,2
262,2
263,1
264,2
265,2
266,5
267,2
268,2
269,1
270,2
271,2
272,2
273,2
274,12
275,2
276,5
277,2
278,1
279,2
280,2
281,2
282,2
283,1
284,4
285,2
286,6
287,2
288,2
289,4
290,2
291,2
292,1
293,1
294,4
295,1
296,10
297,2
298,1
299,3
300,2
301,1
302,2
303,6
304,2
305,2
306,3
307,5
308,2
309,1
310,5
311,3
312,1
313,2
314,2
315,1
316,2
317,6
318,1
319,2
320,2
321,1
322,2
323,2
324,3
325,3
326,2
327,2
328,2
329,2
330,2
331,2
332,2
333,2
334,2
335,2
336,2
337,9
338,2
339,3
340,2
341,2
342,2
343,2
344,6
345,2
346,13
347,2
348,2
349,2
350,6
351,2
352,3
353,2
354,2
355,1
356,1
357,2
358,2
359,2
360,3
361,2
362,2
363,18
364,2
365,2
366,2
367,2
368,2
369,7
370,2
371,5
372,2
373,3
374,2
375,10
376,2
377,2
378,4
379,2
380,2
381,3
382,5
383,5
384,2
385,2
386,2
387,4
388,2
389,2
390,4
391,2
392,2
393,2
394,3
395,2
396,2
397,7
398,2
399,2
400,4
