1,14
2,5
3,5
4,4
5,4
6,5
7,5
8,4
9,3
10,3
11,13
12,6
13,2
14,4
15,5
16,4
17,5
18,4
19,5
20,4
21,3
22,3
23,9
24,3
25,4
26,3
27,4
28,11
29,3
30,3
31,3
32,3
33,3
34,3
35,5
36,3
37,3
38,3
39,3
40,2
41,3
42,1
43,3
44,4
45,3
46,2
47,9
48,3
49,3
50,3
51,2
52,3
53,2
54,3
55,2
56,2
57,3
58,2
59,11
60,2
61,2
62,3
63,3
64,3
65,2
66,2
67,3
68,2
69,2
70,2
71,4
72,3
73,4
74,2
75,2
76,3
77,3
78,2
79,3
80,11
81,3
82,8
83,2
84,2
85,2
86,3
87,2
88,3
89,3
90,2
91,3
92,2
93,5
94,2
95,2
96,3
97,2
98,3
99,2
100,3
101,2
102,2
103,3
104,3
105,1
106,3
107,2
108,2
109,3
110,3
111,3
112,2
113,3
114,2
115,3
116,3
117,2
118,2
119,2
120,2
121,4
122,2
123,2
124,2
125,4
126,2
127,2
128,2
129,2
130,1
131,3
132,2
133,2
134,1
135,5
136,2
137,1
138,2
139,2
140,2
141,3
142,2
143,2
144,2
145,4
146,11
147,3
148,2
149,3
150,3
151,2
152,2
153,3
154,2
155,3
156,3
157,3
158,7
159,1
160,2
161,1
162,2
163,2
164,2
165,4
166,2
167,2
168,2
169,3
170,2
171,3
172,2
173,3
174,5
175,1
176,3
177,2
178,2
179,2
180,2
181,2
182,2
183,3
184,2
185,2
186,2
187,2
188,2
189,2
190,2
191,2
192,2
193,2
194,1
195,2
196,2
197,3
198,2
199,4
200,2
201,3
202,2
203,2
204,1
205,1
206,2
207,1
208,2
209,2
210,4
211,2
212,2
213,4
214,2
215,2
216,4
217,2
218,2
219,1
220,2
221,2
222,1
223,2
224,2
225,1
226,2
227,5
228,1
229,1
230,2
231,4
232,6
233,2
234,1
235,5
236,2
237,2
238,2
239,3
240,2
241,3
242,3
243,7
244,2
245,2
246,1
247,2
248,2
249,1
250,2
251,5
252,1
253,2
254,2
255,2
256,2
257,1
258,2
259,5
260,1
261,2
262,2
263,1
264,2
265,2
266,2
267,2
268,2
269,3
270,2
271,2
272,2
273,2
274,8
275,2
276,2
277,3
278,2
279,2
280,3
281,2
282,3
283,2
284,2
285,2
286,3
287,2
288,2
289,5
290,2
291,2
292,2
293,2
294,2
295,1
296,7
297,2
298,2
299,2
300,2
301,5
302,2
303,6
304,3
305,2
306,1
307,2
308,2
309,2
310,6
311,2
312,1
313,2
314,2
315,2
316,2
317,4
318,1
319,1
320,3
321,2
322,2
323,2
324,9
325,2
326,2
327,2
328,2
329,3
330,3
331,2
332,2
333,4
334,4
335,3
336,2
337,5
338,2
339,3
340,3
341,2
342,2
343,2
344,11
345,4
346,2
347,2
348,2
349,2
350,9
351,2
352,2
353,2
354,3
355,2
356,3
357,2
358,2
359,3
360,3
361,3
362,2
363,7
364,3
365,2
366,2
367,2
368,2
369,4
370,2
371,2
372,2
373,2
374,2
375,10
376,2
377,2
378,5
379,2
380,2
381,10
382,2
383,2
384,2
385,2
386,3
387,6
388,2
389,2
390,2
391,2
392,2
393,1
394,2
395,2
396,2
397,1
398,6
399,2
400,2
