1,12
2,6
3,6
4,5
5,5
6,10
7,8
8,5
9,5
10,4
11,15
12,11
13,4
14,5
15,3
16,6
17,3
18,4
19,4
20,4
21,4
22,8
23,6
24,4
25,4
26,3
27,4
28,4
29,3
30,3
31,9
32,3
33,3
34,3
35,6
36,6
37,4
38,3
39,3
40,3
41,4
42,3
43,2
44,3
45,2
46,3
47,8
48,2
49,4
50,2
51,1
52,3
53,3
54,2
55,2
56,6
57,3
58,3
59,7
60,3
61,2
62,3
63,3
64,2
65,2
66,3
67,3
68,3
69,3
70,2
71,1
72,2
73,4
74,3
75,2
76,2
77,2
78,2
79,3
80,3
81,3
82,5
83,2
84,3
85,2
86,3
87,2
88,3
89,3
90,2
91,3
92,1
93,4
94,3
95,2
96,3
97,2
98,3
99,3
100,2
101,5
102,2
103,3
104,5
105,2
106,1
107,2
108,2
109,3
110,2
111,2
112,3
113,2
114,2
115,3
116,2
117,2
118,2
119,2
120,2
121,5
122,2
123,2
124,3
125,4
126,2
127,2
128,2
129,3
130,2
131,2
132,3
133,2
134,3
135,4
136,2
137,2
138,2
139,2
140,2
141,2
142,3
143,2
144,3
145,4
146,2
147,2
148,3
149,2
150,2
151,2
152,2
153,2
154,2
155,5
156,7
157,3
158,2
159,3
160,4
161,1
162,2
163,2
164,2
165,4
166,2
167,2
168,2
169,2
170,2
171,2
172,3
173,3
174,5
175,2
176,2
177,2
178,2
179,2
180,2
181,2
182,2
183,2
184,2
185,2
186,2
187,2
188,3
189,2
190,2
191,2
192,2
193,2
194,3
195,2
196,2
197,2
198,3
199,2
200,2
201,9
202,2
203,2
204,2
205,2
206,2
207,2
208,2
209,2
210,5
211,4
212,3
213,2
214,2
215,2
216,2
217,2
218,2
219,2
220,2
221,2
222,2
223,3
224,1
225,2
226,3
227,5
228,3
229,2
230,1
231,3
232,1
233,2
234,2
235,5
236,2
237,2
238,3
239,2
240,3
241,2
242,2
243,6
244,2
245,2
246,3
247,3
248,2
249,7
250,3
251,5
252,2
253,2
254,2
255,3
256,2
257,2
258,2
259,4
260,1
261,1
262,2
263,2
264,3
265,3
266,2
267,2
268,2
269,2
270,1
271,2
272,3
273,3
274,7
275,2
276,2
277,1
278,2
279,2
280,2
281,3
282,5
283,2
284,2
285,2
286,2
287,2
288,2
289,5
290,2
291,2
292,2
293,2
294,2
295,2
296,9
297,1
298,2
299,2
300,1
301,2
302,2
303,8
304,2
305,2
306,2
307,2
308,1
309,2
310,6
311,1
312,2
313,2
314,1
315,2
316,2
317,5
318,2
319,2
320,1
321,3
322,2
323,3
324,16
325,2
326,2
327,3
328,2
329,2
330,2
331,1
332,2
333,2
334,2
335,1
336,2
337,6
338,2
339,2
340,2
341,2
342,2
343,2
344,7
345,2
346,2
347,2
348,2
349,2
350,5
351,2
352,2
353,2
354,2
355,2
356,2
357,2
358,2
359,2
360,3
361,3
362,2
363,6
364,2
365,2
366,2
367,2
368,2
369,6
370,3
371,2
372,1
373,1
374,2
375,9
376,1
377,2
378,3
379,2
380,2
381,5
382,2
383,2
384,2
385,2
386,5
387,5
388,1
389,3
390,2
391,2
392,2
393,2
394,1
395,1
396,2
397,2
398,6
399,2
400,2
