1,12
2,6
3,5
4,5
5,5
6,5
7,4
8,5
9,4
10,6
11,4
12,5
13,4
14,4
15,4
16,4
17,4
18,4
19,20
20,4
21,3
22,2
23,5
24,2
25,4
26,4
27,4
28,10
29,5
30,4
31,4
32,4
33,3
34,3
35,7
36,4
37,3
38,3
39,2
40,3
41,3
42,2
43,3
44,15
45,6
46,3
47,5
48,2
49,3
50,3
51,1
52,3
53,3
54,5
55,5
56,3
57,2
58,3
59,5
60,3
61,2
62,3
63,3
64,1
65,2
66,3
67,2
68,2
69,2
70,2
71,4
72,3
73,2
74,3
75,1
76,2
77,2
78,2
79,3
80,3
81,2
82,3
83,2
84,3
85,2
86,3
87,2
88,2
89,3
90,2
91,3
92,3
93,3
94,2
95,3
96,3
97,3
98,2
99,1
100,2
101,5
102,2
103,3
104,4
105,2
106,2
107,2
108,2
109,2
110,3
111,2
112,2
113,2
114,2
115,3
116,2
117,2
118,2
119,2
120,2
121,3
122,2
123,2
124,2
125,5
126,2
127,2
128,2
129,3
130,2
131,2
132,3
133,2
134,2
135,5
136,2
137,2
138,2
139,3
140,2
141,2
142,2
143,1
144,2
145,5
146,2
147,2
148,2
149,2
150,3
151,4
152,2
153,2
154,2
155,4
156,8
157,2
158,2
159,2
160,3
161,2
162,2
163,2
164,2
165,4
166,2
167,2
168,2
169,2
170,2
171,2
172,2
173,2
174,4
175,2
176,2
177,2
178,2
179,2
180,2
181,2
182,2
183,2
184,2
185,2
186,2
187,2
188,2
189,2
190,2
191,2
192,2
193,2
194,3
195,2
196,2
197,2
198,2
199,2
200,2
201,9
202,2
203,2
204,1
205,2
206,2
207,2
208,2
209,2
210,4
211,2
212,2
213,2
214,2
215,2
216,2
217,2
218,2
219,2
220,2
221,2
222,2
223,2
224,2
225,2
226,2
227,5
228,2
229,2
230,2
231,2
232,1
233,2
234,1
235,4
236,2
237,2
238,2
239,5
240,2
241,2
242,2
243,10
244,2
245,2
246,2
247,2
248,1
249,2
250,2
251,5
252,2
253,2
254,3
255,2
256,2
257,3
258,3
259,5
260,1
261,2
262,1
263,2
264,2
265,2
266,2
267,2
268,1
269,2
270,2
271,1
272,2
273,2
274,5
275,2
276,2
277,1
278,2
279,2
280,2
281,2
282,2
283,1
284,2
285,2
286,2
287,2
288,1
289,5
290,2
291,1
292,3
293,2
294,1
295,2
296,6
297,2
298,2
299,1
300,2
301,2
302,1
303,6
304,2
305,2
306,6
307,2
308,2
309,2
310,6
311,2
312,2
313,2
314,2
315,2
316,2
317,5
318,2
319,2
320,3
321,2
322,2
323,1
324,6
325,3
326,2
327,2
328,2
329,2
330,2
331,2
332,2
333,1
334,2
335,2
336,2
337,6
338,2
339,2
340,2
341,2
342,2
343,1
344,5
345,2
346,2
347,2
348,2
349,2
350,5
351,1
352,2
353,2
354,3
355,2
356,2
357,2
358,2
359,2
360,3
361,2
362,2
363,6
364,2
365,2
366,3
367,2
368,2
369,6
370,2
371,2
372,3
373,2
374,2
375,6
376,2
377,2
378,2
379,2
380,2
381,4
382,2
383,1
384,2
385,2
386,17
387,5
388,1
389,3
390,2
391,2
392,2
393,3
394,2
395,2
396,2
397,1
398,6
399,2
400,2
